50
7.769793007269858 4.097010452172807 5.747560307753128 3.626550874016572 9.988774659436412 3.808608942402409 8.935896387405746 5.894178603094293 8.591316647056017 9.433658154796621 5.263842662897320 2.706524336079523 1.241745933742894 8.767088306332539 3.387266665060152 8.717286547298805 9.481072620135119 7.473356456594509 7.248835780887331 9.161761221293625 1.894991919325927 4.725602913317790 5.935243235721553 8.968716007354082 2.233498989591424 0.093553089269877 4.811592035532231 5.930099555637710 6.916766836962620 6.277217027818937 5.432176346558410 4.278611663914647 6.341143184217160 7.438156029863803 4.247811190420276 9.486566953667591 6.506475179773391 1.710811229619309 1.609739866617153 9.333720664805693 6.886304797424265 7.572990087783335 8.604696476276864 6.456216070901882 9.636557145004138 8.531133795084671 1.011436969856284 6.361104489493180 1.960369258216162 0.459074400839034
4.633087280429948 6.454010607557628 8.129999402042104 0.818951910370999 0.971872906075675 1.116264768548398 5.416993852629086 5.541625509935630 5.983033595645788 7.249894305897438 7.896982368973844 5.527897172738108 1.409815275616426 2.413372093198621 8.832894791959982 5.338949383912665 3.661223349346212 1.355285595533332 7.126558459688797 7.953291351729189 9.858126711671648 7.285238681669597 7.744317086823997 3.570777030733310 8.436918285466138 8.916697120254767 1.821932073025121 6.024228112390530 0.389084573972389 4.182057467400702 5.002459024505598 9.850994054479465 1.849658811688963 4.614506254377867 8.101965884266086 6.024717154517533 9.249065935749748 1.398468884853048 5.691413608070546 4.634666061817503 7.772707307574835 8.233595179078080 3.842480471492101 1.910158313415071 2.582425019062662 1.814096636158575 2.915232440422013 6.268085234320995 2.554260886972014 8.764779835193762
7.915391317367401 8.029770499098936 1.902723930224703 7.482621130693535 7.047412664036844 0.660641784089645 0.863699706502745 4.600055121023261 9.613431445196474 3.484839818740979 6.816682085102316 3.352860850572711 4.501029692741401 8.638349153456687 5.786675459236069 6.122187186543658 4.028323792363567 0.685557915776704 5.773441119506376 1.182242784258817 7.629932441266398 5.293018078529949 0.130395078883909 7.077131225887634 0.648575154479175 9.535639180431438 8.068834026681825 8.258483504210639 5.284170335911034 2.704181158135407 6.438748901939018 2.212520710752274 7.557827408475598 8.342961648695789 4.475633977339891 7.452102174490513 8.178975230309783 2.999270860776941 2.171574117973609 7.916530801785275 2.596692068930594 9.556395953531894 1.679157414069016 4.550305057719177 9.024291930009866 5.019595387513483 9.519781906749277 6.836147960599954 6.521101003950247 0.654739845733401
9.100704317754314 5.944846267202257 6.600978960502097 1.389685066711048 1.340476402467057 1.099343520476811 7.494013902707445 2.204112640219088 5.519452837602056 3.588288664696951 4.204597531401499 7.594250004119419 2.371628962748809 8.184367383064833 8.540935631872111 0.794400233976709 1.371958792326005 2.548983280637779 1.193494246694297 7.460840319895983 5.681328039963214 4.847956132756984 0.440392760356660 7.556741274190916 9.992553452389464 2.701103079529815 8.098673981771290 7.868357228637275 5.152696633784154 5.731867913966142 5.941847378634372 4.168164817594821 4.175303235769560 1.105002540583745 0.363005547064010 6.825178697682292 3.851067699865091 0.138287747168024 1.094313651458295 4.217298062356457 9.712161957764547 4.497625959108984 6.323699019783500 8.884439629336290 9.856050160236629 3.483794707225787 8.772070312458101 5.635537255011068 9.049300164109331 9.437995579927394
1.507469937432055 9.151952757519501 8.693630124279125 9.295457293050431 1.950542271372774 1.489895400162365 7.271745316082196 3.838780857534034 3.130472074066283 0.390945272783382 7.288982147998977 0.575915280580640 7.382084601308907 7.918662414682425 3.966119082222868 3.078079237583075 5.264073842610072 9.313130593044367 3.005981925803141 0.482543502425515 9.954625950627282 8.228178284837973 0.854624977497439 1.032421694881969 2.388703039418995 0.036168141856903 0.309370307362549 9.087375941901181 2.144597837413546 4.214017351725222 7.703375823497842 0.211713745615280 2.308832433803528 9.079654943320604 1.610940623053373 2.480583699333925 2.414988225994107 6.661891902146909 2.909286109760271 0.203196632559147 1.683171900322584 8.363673613364993 5.923517377067204 6.380136127554942 7.661199083582511 4.682249016701715 9.597214776488839 6.381609194004493 4.209004546382412 9.100167882228218
5.945028928139600 0.895727642718159 7.114411539010702 6.732330795134875 8.237260323600550 9.608435927308708 7.978328224533598 4.864529087717871 4.248251391130189 1.087163083333481 3.460269345005281 5.686659789789164 6.543490156889060 6.356845441695532 8.519178162170020 6.504412380368353 1.774545382258788 2.402023708691912 3.652953331157272 1.196323448485852 6.844969633599406 8.766695702118092 6.265879532421947 2.749328816102148 4.281288756766186 1.357786424700448 8.171575158715887 3.760504135886692 6.734760683524859 8.804798547546650 5.303290378208374 1.993232164665562 7.537431993534442 0.523551080823983 1.863841124598591 2.394896313278403 5.597151708349167 1.659663840269270 9.016134532111792 8.011695789852128 2.738186173143765 0.123344922746437 3.209646995032163 5.870541520380957 5.498140087513171 0.880561003108713 4.354981692527633 5.339769236033463 1.680590625110421 9.689381057342413
5.532064729747374 8.098151377514423 4.402810191586437 5.965087389767630 4.419640065436131 2.647768676351014 1.908504965950465 8.415598535966428 1.641853979081929 4.636691355289903 7.724338007396049 2.346826967134679 6.350127793949589 3.493308774395590 9.558538740793610 7.460198146986006 8.557065876367719 4.430676653300122 6.087669366392311 9.570454813675159 6.706793755758978 2.001926160523813 1.476716661402170 3.754469605227215 2.265792743100007 1.836815306572983 0.124978100667872 0.630446598064304 0.909500542609283 1.391023140530792 0.933963035088342 5.456215537641057 5.749214229959638 2.057154374117473 2.244931046954248 2.892821061171812 1.864690434948151 9.832680733009665 4.957704960066223 6.057073420524856 6.141552350238641 7.738159224719084 3.688439613892101 4.398422862368943 4.422655765829405 4.855572347348403 6.421869796365566 3.879241769134414 1.843916390506384 5.326771992465166
9.855989203334081 7.602769376861344 8.523843790108129 9.271441220370454 9.543220664324441 2.999089184611161 3.884467640293342 2.074492771312633 7.059093068046965 4.304422836925762 3.928347680466237 8.870082956873253 4.754027928057018 0.673498355020582 2.067134698746273 8.894766960836799 7.846965513972628 5.648333156828468 8.774422917146323 3.362900972435743 1.109535325881195 7.882746709996002 0.711269284863064 0.351469028360506 7.707459324849903 8.007165348212514 6.776006394380023 3.822968212926614 6.820105201964251 3.888949921677344 2.300387943719961 6.533343424521897 6.996139039456089 3.734481228164021 8.971607284872421 5.939246539172036 2.599361279527520 5.638093210470341 7.798612557541883 7.301548466503317 3.676453738592245 6.458358695693661 5.061232252050242 7.419936914018428 8.245083844788660 1.399414845187822 7.157580880374240 2.274784569097394 7.942137639126026 4.877902288836006
8.523171209433430 8.189394941131296 1.632265138657029 8.080303128839653 1.588414335699257 5.673993701807911 2.843294007751347 7.605052859047216 1.901409223996782 7.991275490501303 8.212030940750378 1.048501981746340 7.012967091856474 5.936580000774677 2.357606960496178 2.386623861785019 4.960883325287414 0.618266728989046 4.104934363764653 5.781056022067342 0.483469972677827 3.327587113010755 5.571796664667526 1.331136760138411 2.341703846150591 9.109469983952019 3.852195544054250 8.563549370003065 8.022914527266241 6.741280786674171 4.529087708518271 6.241386250960652 4.402022643659603 2.576801606917313 1.359509638761588 9.744706004582570 2.252624772622573 0.297813815560388 8.667961624791518 3.936107501684346 8.454808833308240 9.304455807291864 9.915538362785824 1.557861079821420 7.721424271886269 2.106059361714805 2.876879006395568 9.615563553931009 6.776214087174610 6.076270609858022
8.550263514296876 2.260731577863612 2.449641052895436 9.191553399112772 0.280155628589166 1.866271815503792 6.954505001981296 3.547990917505181 2.555333908720709 9.394709381546440 1.842382123225983 9.344977821561502 7.592777487121388 5.714080286812610 7.835189941731377 7.290356538514517 6.694586837611983 7.097077668836958 9.595291484463589 5.107454275433593 3.870526444825135 0.864385444880053 6.953187482008778 1.463170941407882 5.125366248679413 7.717919623085913 1.858769463971731 1.334515272874809 2.948130021768791 3.367346534420319 7.310238615875480 9.067960983056082 2.002222974121618 9.928130855166383 2.192279095401897 1.029279891905222 0.275426935106688 4.098500056743929 6.730077258464414 3.000261293380377 9.633814155323513 9.485243019581054 2.158159901420647 3.096532741522715 5.970468464549498 9.955409881295589 1.706610182185334 2.270636261547375 7.455086382881878 3.258842366721946
9.506432491921345 0.564390547872994 7.519145621749164 9.817397833546270 2.268090760917472 1.965704504546304 2.787857170073190 3.252330898766430 1.261878262763839 6.675426538664398 0.321883655644516 3.662348250958681 5.490103295715008 8.304498519056523 5.923397805438102 1.715866379051499 8.872757603908072 8.714263508988958 8.718051557394244 1.068210888939640 1.741400138053874 7.836005030175912 9.653414964799797 8.057697872562326 8.493615896354948 5.017374992521363 8.946851001325157 5.633826137396911 6.158477286440870 9.064874185776299 3.309843125416770 3.132832379149051 4.101235857461564 9.314814661048189 6.838437718880140 7.212892720480696 1.170313380909958 8.983222381566465 1.483572308597653 2.496646981814622 4.437024855263960 6.951120320691290 6.156600743738108 4.281451311565611 2.381077728923603 9.191205261742990 8.618485157513065 7.755864219195648 8.789649130683379 8.520753852027328
6.464025876833706 3.018040339668779 3.967770172624470 4.046623403272150 2.531954007170938 8.035091065766677 5.351028834937769 3.311036536254576 2.921375098792933 5.085850935447086 2.436942155824406 5.534603917973593 9.905080854719547 0.410783812954617 3.755096218834754 6.959943408271968 9.086119886877306 5.907124425255306 6.556322218130129 9.630241486590247 9.127677002280226 6.717230079032321 4.749765136334004 5.588256360416764 2.415235398988052 3.213492205406896 7.074813530457789 3.362315524458817 3.911507736597541 8.093853174179992 5.032641007751937 2.334462928715607 2.276333917273780 2.761397416943953 3.555856358483791 7.263426376541897 6.926711993880463 1.498277717747629 1.979035488052291 0.331647746936438 7.053269919544411 0.120283384365507 5.323267752621956 6.204770254216870 5.360977111600098 0.633724341715847 1.864202859883696 1.040344606461154 0.855669314438804 9.859803012640487
4.724104205442153 8.944409032346542 6.943313495643690 4.686502067681496 0.242584634067530 5.019799489583223 5.295097723724923 4.413098373858015 7.044622768859584 0.676437719049807 3.907051077413450 2.020736965401172 3.761134649656740 0.607962523766842 4.262171768829419 7.360905800794912 0.534554466694869 4.941059924553647 5.307116784393513 5.354391226379809 3.905373326531224 5.435630361653859 2.006880330417641 1.478093795933950 4.438073007968501 4.909845994145865 9.694987264064078 4.771053001065270 7.989592613161999 1.514585665133512 2.367470374818184 5.657032154710273 5.243808205464678 9.971065781819144 0.551845781702311 5.068480805798860 4.760756745784386 5.982891093817201 0.142487475939856 2.930870788570876 4.080024369302901 2.940510554313371 9.845644833837410 4.393225790255020 3.822094645307605 2.155428166616171 3.533717452891944 7.875953377066162 9.570428604491635 8.549424577563467
5.469351143860447 6.947675402683720 4.987594126068874 9.687425259617983 6.942371527259997 7.042150470304371 8.236858776676652 9.856319878869396 5.608954691719665 1.223600306992326 1.369542113040051 1.872149290218283 5.338813657054231 6.367860745682149 3.444228079813989 0.333572576980847 2.496600806402034 2.949307049529424 5.991103682449127 4.163855295806904 5.125235977023385 6.128220741456762 4.899963343493122 5.733530036016069 8.880780696760487 5.690833631120096 7.482400539139157 6.469357887199200 4.556888398912010 4.521570860210609 3.913742846106670 8.268769339234950 7.588060283879693 8.799129993929999 6.638870799580245 9.851048665644250 8.430510316064314 0.097770568963322 8.145327008795554 5.993702479860870 5.746570167720648 1.597887166835074 0.823369961829851 9.319985758831672 3.378888798397525 3.195079783351903 4.650690880485779 1.907494251091841 4.726879585154622 3.832018966471543
5.828388006975702 4.282469679728662 4.921374131290671 3.094084071994960 4.442747016121789 0.818619245838551 0.412767855155083 7.186224198805174 0.678116882647184 0.736907706280220 0.757119859914001 6.974438059916094 9.367433148973950 2.260415699289929 9.036008904554024 2.017329210222043 1.470849414734299 7.110133182077911 6.650164931982677 6.547705713470852 1.185855471973786 2.214854646970327 8.914597776630846 4.129395310775430 0.862067954098229 1.079401420382637 3.798406987605973 0.719191346325267 4.310140466779275 2.807363073417281 7.262338525084563 4.215256614693534 5.911335991138679 8.451160472459556 1.150650410056633 9.394494649707653 6.274154291617115 7.884481834621604 2.674794847812660 0.685587828221470 7.497367391198125 7.308980793433836 1.613385686519558 9.827727559973031 8.945394192497766 2.675719971424695 4.377907792552681 1.391916522350435 8.191680032744348 5.934585406735425
1.661021040297226 8.826338572622440 9.530792331228589 1.628206902450360 3.896840748031969 2.847273273906335 0.864126836699716 6.318844999158738 2.130753443515370 1.849922737705539 7.981852869747421 5.435080291480138 8.101927676647540 7.444305610036026 9.376647367843217 8.970522033666391 6.539884205703189 0.800870592095837 7.241295240503106 9.526142161761971 4.403216812921830 5.983845546051882 7.823427892912248 9.048393641906582 8.291247803630380 3.889649899867588 7.705364224906671 5.073394857384754 6.822903977048419 3.100058778549611 3.538250813600809 4.412451354727209 2.259660327354315 3.072647211198063 2.429202731519378 1.372444526597267 3.923547690749082 4.786352668128568 2.873149565340224 0.862923928487580 3.416946956127615 2.957309986981730 2.128644203600372 2.933574335087257 5.143821200620657 1.080652713042084 9.911992517984478 1.465151187120404 5.365671516045993 7.230786907397484
3.604743552373215 5.974723949396630 1.205321152592539 6.568782838977950 9.296591431579314 5.813495647414074 3.271775064615836 6.071325325730045 8.647437433014103 3.026195364691540 8.581538040328308 2.486273574475266 1.715988511047607 5.714853447957524 7.347655776655938 9.481098026284906 3.436085426743158 2.711159493630907 6.990158638075838 9.421333322129469 3.588555455685090 7.350496803855116 1.194695971106522 2.441668903406391 6.609830758723028 0.438883034894558 9.081350070137569 3.680491903015199 0.522078608748152 5.380576109639792 1.510439927358754 0.600952388650866 2.268478597434419 1.173796992497598 3.787520013110228 7.245734917525382 1.452739716548315 1.212957007456262 6.879277101374720 5.418193959013093 6.883595451950134 5.270177847506319 2.347839393255361 5.708592791508879 0.910588879188227 5.319558268187072 1.692565040716373 8.950862289175976 4.612553645886797 7.221561732901409
4.862100023058345 9.631133480915775 7.330457132629414 5.447606422045443 6.670514946214880 7.873694075452792 8.454324052279116 9.660729452858739 5.635152193662262 0.693372642026566 5.583910361750673 0.203600859978653 9.679131086775811 4.145353526513218 9.587737571547112 9.833138406216932 9.396372398883887 6.367484263440475 3.547442662019580 0.589110307381494 6.565356436765302 1.606436971170737 7.359087829610321 3.093877469129447 1.929842905504175 7.655574129961797 5.109956570601284 9.743630284668797 0.909654554050294 5.907091404676661 3.297232502822757 8.031352301785775 6.388636336039482 2.512346303804241 2.992986092512796 3.615713686175720 8.930262064175366 0.599209994280717 6.432109402429202 2.328447425417285 1.764244063854532 8.009508102803020 3.807883508923297 6.472067618505436 5.477661015267273 0.352935559500857 0.675074434110811 2.789710472391560 3.608185906505674 9.547620801127605
8.869737545481351 6.829015072676668 4.680419780035687 5.286997306364315 6.357607174216911 4.808048669876730 7.569154793767019 8.647018208014300 7.920022842573488 9.314736377810602 2.477481039452387 9.309057925854647 0.776126089662201 4.240263546576655 6.805321917880355 0.132812752720838 9.635215677942412 6.611497235948313 5.629298296718568 7.434479409458865 3.110258545073755 3.310549016237347 2.126507663496277 3.834140804903259 2.563003929460862 1.835601145131354 3.982687573621453 6.214885111025087 7.286670188398057 5.028033680303635 7.627963183247457 9.567691481058793 1.727901383967759 3.165669484888876 8.302101118130489 7.899575317608348 0.229153860698882 5.783747856942075 5.296575516288897 6.297199288244961 2.325657853237616 5.328588471771099 8.992785058690734 0.770779102284386 7.984247300186084 7.059423925144307 4.399437916575501 0.775041426994760 8.378800239008431 4.333122904031825
1.280634035668458 6.050361591487706 5.451746547844562 4.228521612579080 5.609986785910207 3.181136056760088 7.293677696929173 2.183725760591180 1.892711175323699 6.330378390729761 9.553813893236807 7.282559913730044 6.537659970995736 9.791882579150476 3.980940729981992 1.483036686880943 2.504870943213344 1.873744629466512 7.107068863495414 6.042977127268163 0.401859645007383 9.603847696689769 7.227982827541421 8.237482756541866 0.075550817978300 7.059254488485122 4.722830555223545 8.956699283835601 6.556883695295596 7.191658543078445 8.874234952034465 7.527113959100339 7.411058837058477 9.794002791894675 2.452528447861424 7.456360625091522 8.073957522525747 6.474007334662604 9.546119581138587 5.892096433481147 6.829258450609480 0.582530936733943 3.044444134109821 0.890071981128859 0.075434389682084 0.395729726358186 8.983659642082142 9.932429837508344 3.352426735715425 0.990626992882769
6.056029869479548 4.628028782208219 4.765261643380216 9.012219775126008 7.360191285159417 4.936427277688392 6.698021121643654 0.488934186031971 0.470647545537813 3.508757867012414 1.337172835512170 8.805515829423348 1.230616723457355 4.450738646316966 0.644571568294410 9.494864993933719 4.096457846756666 7.814232447590099 2.388432305825756 1.939159631479529 8.696801715844641 6.290383158606491 2.450300253401219 8.942065232270222 5.763120574635038 6.174201876058891 1.008499516826421 4.881729186629565 9.503314161178871 5.099819074070582 0.484468292822057 8.546900848080867 0.328220081434497 5.413478090921587 4.584600067891758 4.500183350386587 1.220436249539986 4.945512516223117 7.830127992658959 4.645785210654497 0.913440898715274 9.215904879291523 5.276717162629073 8.220563852929997 7.215391867788541 7.490410775988466 0.562771816229876 4.884385309375617 2.263559560434364 6.865809089956855
3.697839333534252 2.524783561450397 5.876558923893621 7.822837618349326 1.214155584274548 0.243476969430161 8.562464926476913 9.870316887369329 8.399375990141671 4.801502159457877 0.876844869030173 8.757977502495185 5.854263713978765 3.254953931862856 2.072222625205807 8.364448629408615 0.256567595626715 2.690037884442079 6.607736537843465 7.076243848661051 1.647156153781809 5.193328809631708 7.123148204421130 3.079948423531129 6.069591617596081 3.800922801037616 3.121778570064148 4.177408434760781 8.746061029439261 1.809132799348667 7.362775306863232 5.789535406069195 8.239940571790495 5.559326016345900 1.559825737219840 8.016858520271912 3.612082691538498 5.664500129590923 8.705394148739844 1.020952389998298 5.804842310036693 1.430724055609738 0.463836217845555 5.549116813709475 9.148649208901464 2.980693497441057 4.240424087074937 4.406159093004771 7.711983273302778 0.434426953867965
0.681220091446259 8.676750932936720 7.970444601307922 0.424443467352894 5.492694859145244 7.418947174693546 8.622830026690998 1.423791560626028 2.377417512721547 7.783595289311104 9.270349444823982 3.860831740670136 6.503511334101832 1.890825410547774 5.810255275882518 5.371098687249001 8.573765706260280 5.716750786131186 3.780298439927199 8.451831096041957 8.111746021496089 3.953284870999356 9.040545161629611 6.316463182946118 1.013994147747114 8.428941291868227 2.866916980457077 9.565537960173440 1.588480669735464 1.080199149043960 1.803388301523772 3.416974961583623 4.535070385362213 7.919180579043986 8.520412923730868 4.407754495050440 6.950227555250907 7.390123110754596 5.585140025021591 6.156603644133465 4.162572330689058 8.738590239433222 5.317327467991316 1.592330653543120 2.329619168797221 8.374255500429891 4.405916095688168 2.154744647414966 8.054330147794571 4.406177851425143
1.760420851375102 3.852259250277621 7.890865359160061 9.854283046432140 9.784814046695091 7.184502387917600 8.957411828911292 4.809972037196659 0.503106850667463 6.659607629480975 5.964148122942579 0.314895373177332 5.508787279798179 3.131915533953892 2.511688487361635 0.382575668776582 7.230517475172658 4.655164348635047 8.174767060859729 2.592497088220759 5.902425691188937 4.809467630009600 3.005216231041625 4.593700362454639 0.312817525237437 1.672393391829803 7.371635888560334 1.730968084441109 7.792065390095868 4.376568884816411 2.978520482096000 4.857945314515621 1.735852456706496 4.388621031712582 9.669308959018789 1.101294312143903 7.066082090815775 0.350379569178001 3.780135029955275 2.200274817839576 9.399208725740223 9.608788214023972 0.064973709897233 9.846582944490265 1.700985967344906 3.694202894487537 4.934837632402196 2.234876893742274 6.410089559468353 7.011986998206977
1.721765675160642 4.698980272039801 6.602390858780637 2.496897925132214 6.623127253221734 5.059767831362781 2.191417242650542 2.741316718368948 8.340773973398196 3.339805927256914 6.719618501115910 4.067203114098134 3.811378087481425 0.832950821729461 9.171003278389351 2.327527441127104 4.240448527615413 1.672629790519520 0.125114247207896 6.493369650582110 2.299296245905524 2.943146805923360 5.329983254516381 8.298179154862080 0.505524380514395 7.939028708633672 0.193059836045997 3.787575835914887 3.280494884701564 2.765794804255786 0.433942382022313 4.916416022929311 5.428076551559061 8.693687514112325 6.180228928569337 5.006435759211048 4.089950643869560 8.503419583888260 5.090795129552363 1.241072783688227 2.516055897188721 8.665697509760477 3.812226512534397 7.838817251256733 8.407242014661854 8.150709050451004 6.193679050119853 8.621910268129620 5.824048637207121 2.733656659006743
2.082743024568309 6.889927992099658 0.744533937863502 3.167664682790180 2.628264557781240 7.226198059530716 7.881842466272726 9.923477548493887 9.357842035929508 4.149020361153771 7.066729505721222 8.593859966907639 4.616701655155117 2.035319909260054 1.539926406454395 0.347817390458250 3.648307658722945 1.001787352031454 1.920135734628735 4.011610067521300 5.930462532132613 7.170964910390070 8.091859302963902 0.007416702395769 5.156783961578776 6.056279403924681 4.232331972206854 4.736142586298770 7.994272477299214 1.767688977628084 9.773055694682729 4.001226105271175 8.304249443795706 7.670050447451709 2.623426146653888 9.099883104004071 7.580281237786121 8.623093643874192 1.670058132631855 2.563642610900050 1.631362701723755 7.755077064188763 0.658181785869147 0.916712982248762 8.570477721605993 6.767265092314215 5.676011338078439 3.017328349848123 2.393512011913734 7.922889419215926
8.759709439470861 3.896722169187386 2.827306708578821 9.106340994574809 3.281333225489630 3.989186823501610 5.445641782340264 8.156909717397138 1.280982717005829 2.959625989482785 8.771816076362581 2.130088700524293 3.752386897653125 0.802095963104076 7.935438355870897 5.461679678098354 6.191001097404722 7.955426992473012 6.633954375605874 0.721356939026843 1.723479314419839 9.253318567428829 6.160431421727778 1.918851437661192 2.581534883480688 1.336344857681137 6.185178088228362 3.859529267130175 5.437668417638621 9.284071066789529 0.740134072387775 6.766617409606114 0.372419212036320 6.974933738854073 6.712665636566166 9.437612509843103 3.439229025379237 0.751701807615597 2.046877813297635 9.232235491180928 8.309040732387196 1.708009505739696 9.784702027170960 1.905946349971979 1.083373935184309 0.595994950878010 2.186699846016666 6.201526862453376 9.804938824308330 1.967997385689991
4.661045575878473 9.888426046784307 8.902227668280547 5.225039079830347 9.194704267419043 5.572183301212988 2.161955515199523 1.563697881988304 5.275137109151764 9.329213491380695 3.864624705180226 9.567536346679852 4.013555275524920 5.160942016011905 1.950650908767765 7.123528031481541 7.280314750950113 0.108624442610905 7.928974204705426 2.138486546110969 6.333436573599323 3.547034734783022 3.480126225690616 1.327885567757661 1.406174125816518 5.012493108638384 5.301980987567676 2.208640699680251 1.207903469386633 6.840981758561339 0.021433873491885 8.168580492243871 0.853623226021387 8.114082908476671 4.235188030822783 3.157548127557065 1.695912438342979 9.285411535295459 4.754092888568982 8.375511959062784 6.392940429543378 6.138622725171945 8.219893634006699 3.787983899642420 0.526498342894337 9.862179971909583 6.570077707417090 4.084470460806049 5.160215978934954 0.494315888579497
1.583229983652336 5.801937421121335 1.111501900845078 0.709406991940830 2.610675792386452 5.457328684165318 4.484057290234015 1.076857564093655 8.701856138464811 0.939640295569704 7.981694748535510 4.842246622596732 2.651514668413122 4.178579899794578 2.013088533528827 4.958064433784431 1.658922682744166 4.825091907103571 1.806884008389985 4.815577825067560 4.475860228999014 9.481881735727239 4.632984179454279 8.135340889587813 9.813683805033998 8.315082891343854 4.214764730444943 8.639126503198280 1.501949602324238 2.302191017797527 3.982310214514619 1.114466935258882 0.249523060678749 6.255750096006688 7.126743985030044 6.995960483320908 6.907008680882170 0.861418311678682 6.113338646031824 4.156846826448143 3.753469003852328 1.030083869426203 5.314128315671919 6.967424636785728 2.537226831714217 2.951331809623418 6.403591451073173 7.959487531125646 5.195405263287287 0.982379103292412
5.575857571154489 6.494175404160575 6.591396403780640 6.998621817352437 2.572787793681900 8.534867739365955 8.740042028051946 3.478017477252100 9.441586288688169 0.342365841430264 2.502760952367880 8.210818766105543 5.303345308606549 9.545528338600130 6.343451406401414 2.421685793506079 6.787526064854936 7.116352611558367 9.048512997051070 6.325224384097364 0.594790083541342 7.816547830571229 1.221011223197013 4.783025009078554 9.406808354149685 5.881321537151008 8.387558163375058 3.326612699997119 2.405988317293502 2.883898158780504 3.089663283489102 6.628802444850381 6.199243177241000 6.753394690425547 9.367373914508216 4.724599399330117 2.272863392817646 6.980875218112605 8.320342473048560 2.825329840253175 4.725275436680580 8.460404477461351 6.826497044649686 7.426738331558190 8.740092769201123 7.292307523606805 8.521551707671204 2.347300867741148 2.523835196968554 6.434574736780653
4.600892143065400 0.589323132704032 9.849216260188140 2.918314318214619 5.274503758978566 6.165792606870021 3.554842428968850 0.403669585978249 4.474490160200189 9.477797741452822 5.134784035049069 4.752382545842920 3.958955349652613 9.728697512396064 1.985471296654282 8.641325435189289 7.040513373265837 1.488086165695077 1.732779335149974 4.318078526397314 3.915463410638459 1.745023860403950 6.838260372465709 4.506657687695221 9.539805582714489 7.395215421689018 7.100765334752362 7.937848387112290 7.795825822707082 8.792491980442744 3.200143751585910 9.286392062604031 4.374750964108873 3.764712915901240 3.205203975568910 9.385561898227603 8.887810956093938 9.094007915523525 6.034977780835941 3.745689342391389 9.186928864288110 0.139782896963142 7.950180966835538 4.929732839281384 5.391537828430129 6.937262580987449 1.662702097872636 5.428611508595193 6.984313313189935 7.871303623170018
2.954758330585864 0.250729232419294 3.363862077263243 4.245865562059575 1.879114921984719 4.083536216705546 8.032489855085796 8.255848030509771 7.464768017572803 0.366675252423793 0.505580614060804 2.536145848591404 6.909308065844844 2.943427036336402 6.037391400152035 4.382360929917926 1.039774577664045 6.841443834126065 9.568525406217656 3.382703562625045 5.055336776475404 2.759763671570582 2.210084111136087 5.270937156449987 6.360422345708704 3.777462020126224 8.120842078367122 2.078443121598794 5.281013723792457 3.329911105949158 1.705192602505382 1.727427060689454 9.468913240218189 3.971463149542488 7.879998045743326 7.995561728651338 2.694787837599383 1.567793835659734 1.232104496828378 8.536067066553372 5.045980162928148 1.892347243543437 1.207076986773993 2.330018350119834 4.617818092833279 4.667727196094967 8.783678772433923 3.075011228737059 8.989384084141637 1.389675391246671
2.173550262819326 4.765216837953807 2.687672203773468 6.650164967563082 7.974398195999327 3.485082139562612 8.824381963003468 8.467137567169859 1.925644241666103 2.572032316949822 4.051375808107772 0.104368234932912 6.487539988417370 2.243730627769269 5.512577757029520 3.839110901892137 2.317457995251493 3.852903386456003 1.982191979870087 2.797251535736835 1.906499926131510 8.956008461166082 6.880885282969817 7.855761733566751 1.181594460503401 1.819707167528928 3.853128977367082 4.090762923185862 3.156958738790135 1.154640946396679 8.700184725704268 8.431659400123335 1.239452907913268 0.871607357985820 9.800459384789166 7.453010467077082 6.250985504361949 8.946883808051991 4.061128100838469 9.194750902056290 5.654846091451637 3.658193002422410 7.440152008418604 0.614464511447365 3.785407258925546 0.497984436583931 3.597751353857446 1.725462931409713 4.171945265902790 6.022692512400263
8.454381648875964 2.811426087843064 7.447351729340804 0.939238973248249 9.331286917546560 6.831605302783017 6.390304042631381 8.804844905693660 3.640406414841610 8.738436885952016 6.846087015822181 9.288669119123941 5.054145382757515 4.751392917750353 4.398025030761920 1.105729231618523 8.552199158476887 1.067745903192759 7.030317850177061 4.792116962713656 1.862802893482262 1.121659581418406 0.694569735496177 6.863789598081366 7.005203954165928 5.031376221076340 6.918884809728080 3.994224372443203 1.261816686379069 3.695546820248095 4.593554339856469 0.233432932137008 4.123376237706674 3.070418549484688 2.396331046057151 3.468885369078663 8.993672544987474 5.176020613117336 8.522524610986370 9.934205575580112 3.900901020514782 4.238899454933856 0.077697690044930 2.061024908795549 2.952484983126774 1.207335725604458 2.608677774907433 5.569620438288084 5.327415235229649 4.137978210490828
3.009687432151784 0.028968363001007 6.045725136701940 3.446716845388738 4.154946953750514 6.426705826071791 2.584048519487462 5.725646208464900 9.949318463707568 0.951614168755394 6.012114148495360 2.186020815598355 4.984109006793028 6.129101127444210 4.516748262486122 3.079939769680837 0.909752066075860 3.481971024713130 8.311021143766487 8.761318325698644 1.069525520775011 8.572890903641877 4.860264864374129 1.622499116211632 8.952538387494744 9.470949972029359 5.944652022261725 1.747524946959970 3.730518048158653 7.251268921142810 8.329343229787717 7.335716509664616 4.325253383739954 6.554600837672313 1.779288790938307 6.154208132573272 4.441747771586345 1.965789218941245 8.187905651020687 3.027676768586287 1.236361448435805 8.995506707167712 3.409091253558899 6.976382254992682 2.769554529707139 1.278908758570805 2.124939920201151 9.966484671558703 9.992660815246591 8.251041838836867
1.948576610944763 0.584204316066254 6.741723154609023 1.951345192164009 8.911425610984535 1.678592776871951 4.682320243734407 0.073308367851789 9.485914986993290 3.387199607542939 8.698487786314219 2.734814018235868 2.145864060579700 5.775153069328029 7.993649198440402 7.342681721479356 3.347049860156076 5.104695805609682 2.359678365846991 6.623646909809134 0.727377093583587 4.379144068201237 5.330169308183131 4.292025374072868 3.821530077266557 7.869000515393594 4.517366056832853 3.519924676007134 1.100102607691675 5.264793821471963 6.985119063511371 6.657295510392068 3.484765183178811 8.314595924170584 5.886485998998969 7.754708312224373 2.736834825380909 1.475437048981230 6.688011778161156 1.513113941284835 9.525588189890852 2.123538795506384 7.775880533217622 4.532869128782645 0.975493683245012 9.782325417950306 6.731043059304485 1.713838787813737 8.002931480369785 5.538153345039158
8.697828375767836 3.919874962250321 6.170550507601607 5.163581867080663 9.133755438039202 8.466055381157746 5.969632836254080 8.171264996670136 5.738468811366413 9.980579116133597 7.129643904978606 5.519835135348599 6.919955359847030 1.557724433684163 7.627686115881184 5.081819328152602 9.440315590692677 3.300447642633455 9.214366495974618 7.478733253297073 4.690261780114902 4.359248902016532 1.775867211684715 9.764940726863902 3.344445663004951 0.678656103251450 0.075089350600486 4.142118964666369 9.955483038997844 2.197648735551416 9.695032458926125 8.102967713779336 0.786271047913355 6.457610683224018 2.633343813615668 9.347701451414469 0.898234546854090 8.228899027862674 5.920936376905903 0.104533215911026 0.009380955675721 1.266895720907029 7.019182206148442 8.727665237287876 6.279539186725112 1.931955994087113 1.284096803663158 7.022783864065122 4.799714208065180 6.721963774736998
4.107889495435073 7.859055849261316 6.789995205413051 1.747242617569312 7.829438457964208 0.450018288698129 6.517301221638306 5.462405974080514 3.837139618881513 6.884481548242479 7.424061688720009 4.145685316278244 8.172040582510032 4.454936946578077 6.944345971661242 4.571406681589596 2.193620245280421 0.346193585253305 4.379624842367854 5.674132094163637 0.182355399939791 3.385817809208222 8.719090088207077 1.552525636634051 8.242826706934634 0.805020747076362 1.587199580434916 2.237569183011906 7.938571431252194 2.663589453655043 0.268945553865653 3.150599361411404 8.321159651166802 2.701703555477962 4.678828194779583 8.522908098932088 6.679932125519442 1.825826238026498 2.558404656622751 4.620415107379653 2.891269400880332 1.117715159142413 0.971078867442910 7.188035870797224 8.977405920772735 1.547270215743453 5.130892990214289 4.714641124891364 9.768845315130276 4.894667178307368
2.892168887495300 1.129323763925205 0.178410680995438 7.240215711930491 3.570980227302707 8.161144440797036 6.417626881800487 8.285031146395077 0.665458695484863 5.863495639754232 2.067842785393992 0.051937313882946 3.057364572207294 2.052776485603581 3.429993798599269 8.850813310093301 0.777254271003358 3.028245090586595 9.619375864337252 8.948102228643279 1.009466343842916 9.204424605687091 2.167128020440145 6.922261274350323 3.565827764139272 9.206144063960641 4.887691688355595 3.535613135722336 6.058733304066078 3.792164487547460 8.297883913716214 7.532064021968067 7.598080531070278 1.908713814434395 0.186733049775449 6.212910559341980 0.856378010033744 7.847981204896830 3.101794384289756 3.136879904535860 8.555412351661408 4.436909215408281 6.600890110967442 6.071087658586585 7.531465824032373 7.735228760929909 4.879649357002069 4.269433864735990 7.472184891549293 0.043295958205710
4.655268094363175 1.829817487121131 3.966926949996428 8.000181882441252 8.678374454294108 2.330807028554021 0.609952628604428 8.370014502320727 6.900673159572071 7.051943013322109 7.845451899024790 5.756954946618863 4.189231318788425 3.382604678439047 0.502434647512414 0.807671213633746 4.014589102576524 4.408634102899364 6.102116703613670 6.822859739177879 3.363724158541333 7.365540140409756 5.419248203519862 7.508855771499187 5.089677459830668 1.476856560975182 0.262689064458681 8.421495838749864 6.712555809278773 1.985290365569079 0.899763266355772 0.385370736216573 0.551827434271529 7.695959906809435 1.050391622624712 8.583823586480705 4.613338105124837 0.393780173952593 6.481954572526293 7.848377221997554 3.158958682545131 8.439817809033867 3.860844207126706 6.817460988037798 1.136540073314322 7.718094045372617 2.577407672596922 0.554595518155913 7.186544165645438 0.093150242272914
2.632334402174972 5.072207179596196 4.238379951503449 8.844701069081964 4.842148201914980 3.396550772022003 3.936178840178062 9.823930082807125 0.500206682582990 8.974140370891577 1.619614546335441 9.778734495771328 4.701135553722917 0.945496311007854 5.826036443874769 3.771250738714389 5.598311116069131 9.491635057968031 1.004591997914378 5.830403955350285 6.802908621917537 4.033903485221742 3.381984962182596 5.479908916808958 5.970195146366625 8.652622230828005 6.686034636437976 9.278570214006916 2.782219452267971 9.883877563880455 0.514358985911749 2.463741116106491 1.571585264281086 1.520583848671019 2.496005856112288 9.659630222224887 8.524552864500308 3.222437588830216 3.069681773933415 2.980095675458638 5.988337999778016 2.867060546955128 4.338734106018840 9.249913939837805 9.590705514650418 1.834498333461778 2.421785513142576 5.381972933054703 4.768283497226071 0.557503620287102
2.904126391113068 9.979978292952671 6.009693710899896 8.095846265902765 7.016502474327554 6.929406819837338 0.801149088692737 4.102408739339608 2.245790339371854 0.592003250053501 5.292095371251370 3.519589758143255 6.615908467501215 3.650028340239002 4.782931601329860 3.497387747459608 4.436364725665825 1.473940979728582 4.409609482465178 0.122706579172540 8.998374464524304 3.665165595361955 1.322371284034849 4.378175619656415 4.442123809836279 3.599281099190893 1.268990943282502 7.310885711249585 8.725319060347612 8.055424410895110 6.218330076361083 8.239566576927121 4.253931905341057 9.318321635035273 6.565232689924619 6.928351072352025 0.710217757114150 1.117081528002749 5.777038269253799 7.144992360231598 7.020351599503297 6.134679870493768 9.520790505141125 9.990687619869091 6.514298431378424 5.823856656147731 5.745991170875049 8.736297537250829 0.631242895975822 2.875239797326562
3.779246060152557 2.233605300218628 3.378206825861999 5.352807645708535 1.200951750114680 3.828781509205050 9.694967823213016 3.697066792180630 9.204742386107593 0.893474670321682 1.754577029930525 5.350533385974154 5.586960406476839 1.721352604933942 2.341489882296042 7.825045153847507 1.114074621173546 1.962421764926260 4.731848783708759 9.697167776077221 9.315768715297894 1.938039246649185 1.765448399980766 9.281616461424774 2.671284361936490 1.617515462944036 7.418899632849016 3.309703263566917 7.471941903380765 9.912809831501798 7.825085394726213 7.986667066070225 2.263014145799843 0.999824630610868 6.575207018534270 7.572418130992629 8.814958738385087 6.035518598402878 1.904151207300129 6.662859186200002 0.973716879724753 7.379969771491650 1.150734985234545 8.571192679937353 5.128530488189416 0.617178555454525 5.290447595215824 4.417060141918995 8.034684551232345 5.866123839627227
4.180385579349282 3.575277252932945 7.890379226824055 6.839728577080042 0.609159375031803 9.042143229379931 1.644982095504709 0.065282941098938 5.737720284618232 3.619180238954631 0.589322742719265 7.594646571642290 1.079355781225007 3.120960054058060 9.956068887737281 5.179675044484409 4.777264088330875 3.353933002650262 4.797966135651453 9.031331001800762 9.494718172801310 6.744942322681828 8.562281158654185 3.162238921688920 2.292044024842058 8.349521114034527 7.169374446783073 8.324559711590544 6.518423326785970 4.979225322328395 1.002838227514097 8.446619425035959 0.281284395164999 8.769966446492447 0.249168070581129 3.782283897088182 0.418377879789640 3.704519482438868 0.572761302982093 9.246094899557814 3.971556595724351 1.395430321584794 1.620675092852832 7.196923382596752 0.954499304069004 7.394106699347115 5.688461917462799 8.908360368764290 8.907384418286979 9.139700483318432
9.677742713637800 9.818210009998703 0.574315617072220 2.091380463156177 1.500365926896717 9.283057571644026 1.780243661070683 9.974905031632062 2.405540378454474 2.645500122690257 8.625235635925696 8.782855916315286 2.453874563531233 6.704258928922485 7.577999413415169 3.993515499586251 3.932339704939150 6.345006036177797 5.045651366331404 2.830712831256843 7.470769994048013 5.647156277270302 0.728755117589009 2.100055959276597 0.165179158547225 1.095374297243991 4.703637257668177 0.073753679108729 7.203953200877936 0.753248400976999 8.356466089870132 5.090794150009829 2.189479237033486 1.423512989257191 3.709573742709637 2.976587506464416 8.593032619913041 3.088816511510072 4.880103926199281 6.947137726605625 4.626536216012871 1.488294839187420 5.578788288287652 8.566744710021331 6.276504018063619 9.704358827840968 3.718710204513451 4.544048269707865 8.240785670774747 4.817893979067559
3.351787259410726 7.932673756272786 6.317420033009693 0.043688223839594 6.478376374290161 4.122305099706804 7.108414920863576 9.857912698178147 1.527217637979588 7.944895442829782 4.210778634078852 1.447687475021530 5.248786138940062 2.789164566994951 5.688276502829465 0.067222055717535 1.841728367339728 1.213587037936831 6.588333298593657 7.515448380452963 0.118405719552882 3.405992235395180 1.833496190658155 0.220655583372188 2.891696222938878 6.225957622350679 2.920567633766399 2.237592826949903 9.737509668223801 7.571897345627900 2.312865576588349 0.146157067416448 4.639387687753878 6.069851567566454 1.586693596993636 1.620441051674556 8.642123308143139 1.290059411882264 2.992837940696721 2.963717040836119 0.918150622710167 9.195734667479195 8.193386606227728 5.142228671949601 8.894235318694331 4.150004670660461 2.166756186781547 6.868421681965976 6.505327116445422 8.680131267328957
5.014813963368842 8.587321224603402 5.498469391857618 7.899022044227552 2.897721780844238 3.357201734573201 1.915394772208290 5.217441759639191 7.047117879528864 9.664551938105388 4.016419330949875 7.031780884663245 2.578841207546288 3.071633905443223 0.902552850071736 3.829728490134303 6.589116928744589 1.369807076629738 1.836711195438473 2.610711892125375 3.967683748920734 8.569138231005008 9.085443908646113 6.970557548778283 6.661505641085219 3.529111838693763 5.918053207368036 3.376290299682680 3.961431135097366 1.414997440146593 0.121482387902404 1.046975811715964 0.476778115936223 9.561162948727240 6.682200939919223 2.706855648369106 8.457628988754633 0.255498109489026 1.126718411439335 6.996026658615890 8.496077925066563 8.577094314400254 1.642207323266607 1.247176439633416 0.987767254707519 4.400402883269992 6.467487856928267 9.480566393876117 9.570869041076929 9.143719227011134
4.318324972709227 2.110872534905611 6.363999999836903 5.837479948379791 1.716838671683384 9.355340329204882 2.715248671868670 6.541678950653523 4.250688999118044 8.425065906784862 0.505274244210158 9.325416077205816 7.572899044728540 1.471704608370881 1.023153395646346 9.980662575522867 0.863817027085736 9.666371741287147 8.316316481158912 0.301689574235592 9.400235098859625 1.027380822023691 8.817984802095941 1.511400955063020 6.061931125253485 2.260979121023769 2.222141243916177 2.803224477525522 7.386963658987201 2.043922372363340 9.915200762244602 0.629275973949984 6.439641024584320 1.524856148547273 3.098401556672389 7.442509278570652 5.031791083100670 5.074282686851506 9.136418255759608 8.376552939676708 9.475313897524169 8.459719776455758 1.518710807795635 9.195371357617686 0.299155871820853 4.001092195640411 2.972161091494554 1.334930556410039 3.167283710396571 4.519830714782861
3.290230368322273 1.459472573102467 5.549006178388804 6.955848234383875 8.685965043204014 1.183162625331905 7.426234957668079 3.191650914047295 7.229899961544825 2.339544080726933 9.108314609963850 4.535228426124828 8.733284380451323 1.313023436237253 6.375987955261398 1.738606309863805 2.054654019242048 1.229793075762222 1.910835834418949 9.283678924020005 4.180725287782574 2.186006905786230 3.261642591998385 4.883309778119945 8.092586674465926 5.634792811867896 4.639413512581029 3.304878841043578 2.264327827877446 2.505225916367201 8.479105103382146 0.924297882782786 8.970393663566936 3.919632826185603 4.920053704409143 2.147113538546893 5.259291953370012 8.516070416177307 1.828329573956884 4.859603726615834 0.843513737094815 4.074753959419852 4.320872303348956 0.469037101203297 1.370991642928545 1.135194949216489 4.766337617194216 6.453000323413515 1.838021913503292 7.501034025173176
3.386728140598338 0.659806882062021 6.552760594501129 9.324785420657127 1.653401117006622 2.527822475616968 8.875843976685751 7.003598167503363 3.518666555198950 5.878178842241973 7.315328315525750 4.916775206182321 6.752758790083302 3.170915055837670 1.469152825982335 7.390885737618199 2.242362062761357 1.291047600857724 1.093174434557623 5.790503612794976 3.041118719693642 3.255098204875423 2.604726106896308 0.518760606299219 2.620590972976138 7.725058334295023 0.698116654652471 9.173163032733317 6.431772728404218 1.658632077574638 1.798557292824473 6.584911996851684 7.184908531081771 4.344639097217312 9.219024494615276 4.819351519821162 1.762189514339020 6.816176899838627 7.109066373230562 5.330571626487193 2.958373372706565 7.730048812825892 0.066717656034878 6.738945262997444 4.984026385468164 7.649014092029324 6.872228389926392 3.784855394762911 6.740654828219813 7.940918970714307
