50
3.176662870271073 8.497697219261124 6.229643575428151 2.185877858649020 1.033918902977755 1.948794315282121 5.648333404367242 8.895323543530894 8.706548323756024 8.009902002346180 9.255150136138013 4.028245653104429 8.775368638046933 0.925041478575159 5.741064239729768 1.344073327898977 5.838004680434167 8.421200986930673 0.810276470929402 5.456376085118777 5.980610468187356 5.687897595658927 8.273161902722384 2.236004925058602 6.129755857077727 0.292236769900666 0.145347363295520 3.667117288030600 6.970807943058089 5.210149021888501 4.629389858388135 6.761540325895186 4.409899008153630 7.246205980685355 6.720532967487949 5.199970109092655 7.398258792757364 3.308350515116691 4.325362539378172 8.526475047480877 5.506180456860589 7.451432372094966 0.538836050155946 9.622737612021339 4.902717474387725 6.197160764841119 1.903103406229092 5.233401251929664 9.500234827281314 5.333880405124617
3.216942091033096 4.106059170976211 2.717149957272253 6.702384588628767 9.090417839051586 4.426660474451812 1.579477948393534 7.964857318728744 1.560635756870082 9.514808470460531 6.053509058776640 5.633145983985930 4.557112410974204 2.964777283606725 3.001416746789092 8.642332546312975 3.064205327086532 2.999351287039231 3.894239338496384 4.857847632786947 2.028214251839040 2.950579599125498 8.172510465468235 7.112330932613048 5.452176913502612 7.753811138110840 7.343409805450765 4.627340425953842 6.669274266431860 4.942132980897364 0.853139961977397 3.176946463651214 2.488808026230883 6.142585355148040 2.546788279193225 8.004520566616556 3.844581053742859 8.036717680090129 4.745266199866016 8.220733193154649 6.940456012406115 6.269739166265539 7.482926505406621 9.904286286354116 6.257369197258392 3.721952310715793 2.783411495792266 0.701496832417993 2.142489180249356 1.366294410333696
3.472682761409687 6.606793543397619 6.412866154225629 2.721900009954220 4.082768928893308 8.187779684444708 1.884519655449372 7.434405237632495 9.842286587853215 3.929981528582905 4.469295867128947 1.045577723855429 7.752981486977225 9.730996972378531 5.765768704106710 4.023874341877641 0.374211528694749 3.105292468531694 6.904318198121393 6.679818505973364 2.818437493415530 2.125504700837255 3.707886973818049 9.997267249491120 7.827242953433478 8.154961918094832 6.014201033865540 3.782488581757462 7.987952828646788 9.612685282361534 6.313454482308245 9.135491650470975 3.669636129624684 2.009349409002196 8.384243138617610 1.698501202258190 4.169670930319284 6.845167162685396 9.186491513076215 9.553647076186117 2.457338337016509 9.496053768406089 2.103803925616414 3.682831139283457 5.814381376233132 7.400822605669417 6.161579969278438 4.716942520283824 2.194578102659813 5.974495482021000
0.042395753287825 4.935367145789352 9.181889040861558 8.849590900492371 8.659740796784753 2.320240002581783 7.532745815256023 9.253003349743722 5.188966606613964 1.622015912382873 7.017922084752075 7.039947091333842 7.329394715439239 7.425566995162041 9.623035607279435 2.101182070031344 7.525812859755674 7.817151332387549 6.143329510337998 4.273534678348012 8.520075073405827 3.017720250636464 3.798083090994172 0.364927154130192 3.675297598370673 5.570082459632239 8.321384929696379 8.629112208742399 9.484379443873220 3.847176993707437 2.505950318540764 7.263140368189415 3.724122874955913 1.488182616628091 0.524006649444755 9.721503798623695 6.230997672152818 3.634020791914185 7.329220979490257 6.258166991358220 8.945085430995812 0.231311538687788 9.881102572259321 3.804297445013912 9.726328239651247 6.599779378039095 1.102104372852443 1.508745109272739 9.039996946560848 6.751735941860368
8.599749696473246 1.543927590066497 4.109505115172966 5.724742362300991 5.634445056107010 5.561611166331236 4.004332598530431 6.041880493636165 6.745592779932055 8.583933863900748 4.535807596417581 6.552642958372093 2.826435021631852 0.673769506522927 9.434056856949560 4.859916528810224 9.882336996639639 2.864080781810282 9.649849593045630 4.135621349282058 7.147686105293612 3.808182604306323 7.976693480551993 5.866094666815189 8.605918331730436 3.974957389420152 9.845562678040222 2.494161562383001 7.284756077884735 5.731958192920384 6.626719162659699 5.192649363819087 5.085741025860791 8.876099021601426 3.160419477728811 0.591380383624481 5.898546869994199 9.433844840902738 8.500861131234437 9.740963060705509 3.688558907413016 5.802691124474181 3.371609851289161 7.288422339536153 3.167262200752301 7.553957948560312 8.256095337958083 7.971523728615356 0.235810233144402 0.641495401709836
8.719588747071439 6.934077645695776 6.821622383227888 6.944210628277428 9.566103821057045 3.557852416638251 2.858886763444405 2.927833025596293 3.722218671259374 6.891573637756548 2.284241591693370 6.825238303922816 7.818944121954578 3.395246562264633 1.385586493619202 6.307428132191554 4.095966281533158 6.796462450606619 2.714821824780047 8.454860054134459 8.783369456650265 6.790957743146415 9.593106501453624 6.333385463583512 2.284034255770244 6.224718741097553 8.777555360402037 9.220532974412039 2.241279890597905 4.901855916690241 4.780176692793932 1.846602812632074 2.424648140776132 4.957396771803838 6.177164329547232 8.159449446223066 9.782900903899559 6.010276326828592 8.732922313909434 5.113154285032525 2.850481022234677 0.748114606430657 9.627991028327219 0.814924323111677 6.061750038668277 9.009704200952314 8.338392050776426 5.516865152826363 3.082626522640399 8.183408224075425
4.170528489610975 6.918970528042529 1.221050088218490 6.873344422207670 1.496805093657920 2.813040769304433 5.728718853823250 1.355141129765793 9.218601464995404 1.073956452893781 9.135887547839094 8.085483362103476 7.715734540606164 9.722834902180532 2.269206535230167 1.936182416256824 2.425269735918477 8.108877609102333 7.331304831701003 7.302100348632439 1.086119629666054 9.252092003990320 1.541183108208828 5.457046157290188 1.990598925198384 5.943590043311233 0.033278289449854 6.811422034070777 7.279291353467132 6.852568923420979 9.528161157581184 7.922034109555666 5.138021929951759 7.244801413772262 0.884705621185681 7.418960434590619 3.171073827186838 4.013586935197000 9.613056637016506 0.151552451035697 5.192287691836567 3.235482716430637 5.577025315848914 3.947013460668194 2.913019687331404 5.221907691907560 5.272512285404921 6.537295849011683 1.323400726409433 3.812100337829042
8.568641765238445 3.791833144223808 6.393428456272627 7.135339875286075 5.059183793436924 8.227910733584373 2.484888560211440 5.945102053790709 9.465658179173190 6.005245696220637 9.388402437185544 0.946264226627771 8.618288640055047 1.383307170954000 6.595840608138187 0.175414791402442 1.671485281251210 8.982008514734851 4.906644914400189 1.405312517471746 1.045320489561846 9.224618381182367 0.956001804084866 2.817343994340029 4.451927041352572 2.213498638943668 3.937651495085739 7.999450027742029 4.949339775034005 8.955666330795543 6.370751523614203 2.990593721364142 0.777152005521358 5.206311266754708 5.369993932001460 2.416628048829544 4.719351361774972 3.776857232831881 5.491685916739476 5.467852125777741 5.068658804025244 7.980482080257767 3.272546782073586 5.378886651377950 4.500061025442474 2.813963635278409 9.725303510359776 5.583566469569612 1.276797852072956 2.331480781579032
2.250662700361088 6.425722577936799 5.199273781072376 5.192476310218082 6.118664489847938 0.550489067024577 2.287062396340405 0.497916485938819 7.579789844192272 2.400208032401707 1.157456719673537 3.824488395916639 3.361570021729481 0.631132645510021 9.368907473727200 6.324940451241420 4.464537576603274 6.967443902613296 9.811842252555500 0.017361225564529 2.436097401270535 8.431607312819834 5.880801171494454 0.975474002175725 7.770299200074079 3.416866588229964 6.721696483173733 0.131186679702392 3.486788397345806 8.331538404186521 5.767156936891160 9.211395797493129 7.782043827999125 0.368625639465255 8.080962126847908 0.380613538657121 6.131668922951117 5.795295314531089 7.897309755733693 0.054126947381062 8.945357321699369 8.297921541747449 3.557514597317485 9.119076191043691 1.471754563532252 2.744259197338472 6.966519414238456 9.888742473452748 0.372269443728824 9.012588387747758
0.449674529528151 6.401525110598901 7.428322923566845 9.361169089391158 2.497512430170445 8.894633681193193 0.921648030088386 0.824564555451334 9.987962543000590 0.174689655148509 2.315412121215439 1.008995849264520 7.485152307734314 0.642332111251425 6.925805175483176 2.104551973890927 7.057904982923598 6.237278892748146 6.897999790665418 9.836087919723166 0.699380516087696 7.658985286064803 4.102245783105412 2.433600265271072 8.542807397327826 5.849216628741583 6.534844116883911 5.216312935136918 2.484460825533070 7.482739937615959 6.658491118014542 0.102722199024101 7.651148879422016 6.071176202127473 2.633119446465479 4.660279239272899 5.155159664971631 9.275209486432146 4.984891385574438 6.299113597185170 3.396630187158695 6.931682627594817 5.723827465866801 6.017659059004496 9.191759810495236 6.587195194084670 3.107146757590385 7.468951476122858 5.915402623345853 8.737808323887950
4.213916528241620 4.336111889721170 4.402020621843869 7.645298947340469 0.132888738563215 1.238077658504300 6.219487384832114 6.434222161505527 0.397862339914484 3.179906407181537 6.541103083371359 2.455517254279500 8.020025367428602 7.532179628332857 9.868259505312846 7.769246539316963 4.323400168441437 2.349292459028036 2.287203823192476 6.663979119854328 2.397602336994503 1.630464887477338 1.515591671094243 3.477569324610755 3.325638311987063 2.963319573210704 7.770168417204779 1.597918063580505 9.163499485665486 3.113535945204113 6.282696966290762 9.637750919497808 1.181213836184152 0.153804452693593 0.937888292702712 7.374399428959626 2.709073407495720 1.034594947649897 6.903801278874039 4.665885385176217 6.520713583411338 7.615588783969780 9.971975642031403 4.910401507396620 5.272299066997030 0.887382592945540 9.529643781006460 7.120548461558433 8.494932713886055 9.987444824191593
7.487991461871476 6.979297122558385 8.087851432372084 7.909937114420583 1.143398954628203 4.911224443629802 9.528152781036935 7.350984190404174 9.175443969271674 6.622824248771235 3.144523273576699 7.998297358454307 5.210705347290087 5.472470687159348 8.016465989750145 2.292004340653535 8.407461015906986 3.746750236602230 2.190194966892693 9.754368951260563 3.388735191176947 6.977433752962691 3.804554323874940 6.569340549834629 6.853653761680381 0.434685579279144 3.754091974849003 9.876906769552662 8.165697345972522 2.813182183580789 7.964599845286293 3.476355356243500 6.379928283495049 5.184639884552288 8.228109356750039 0.815924999361322 0.666090857417738 5.997495175708652 2.128068016128891 3.550761084922737 4.287302129300979 0.377831039949154 1.634568848078408 5.039288856416341 2.207095102189158 7.077907956369923 4.361089890113393 9.749002010410267 5.413380880572934 3.434316559389070
1.316598072838160 1.501176404403818 1.120871836993304 7.443056112754684 5.537599548009263 6.034709105033130 7.210717658534239 2.156354160371849 6.445439785239095 8.384905329010246 9.237912240444299 1.297016910875226 3.204341288633202 9.749031595976156 5.931882810434582 4.849812958032244 5.661283026573260 8.017153922021727 3.575655507496354 9.697328114135153 2.742668051014163 8.304903821058048 4.797046064322639 3.193608615633532 2.750762524531745 9.901697708419725 4.212226872899852 7.869332994093028 8.534843317632617 8.196086823552131 6.492338144066277 3.051821118931166 7.555654163868297 0.756883280546762 6.568830428018603 5.538895119773936 3.056010442729562 4.560269579219001 3.344514437384420 1.919035493346561 4.721218525647799 7.007372508186684 7.060852965430843 8.243837935592483 2.985256129906585 7.033818779712064 1.256707158589687 9.748984517691289 9.726789877232996 3.490772327714070
1.654569990162199 0.896909433301718 9.092556723036118 5.473680629281928 4.823524888069100 7.455574132214942 0.032433617713971 2.822335493031540 0.518993772212343 4.700825495671754 1.182353810425191 8.053372578639902 6.649819743149273 7.129039710195865 6.299277923822353 9.672318652522142 0.863847254856591 1.860486102087979 6.648809401039918 5.242953071831319 0.762151171677835 1.966007843027929 6.828841863161297 9.923697609660495 2.478862603304176 8.232390898166898 1.785721118662276 9.262577739144023 7.600995333913366 4.881244994157195 4.860142893774158 3.729527754065868 8.465777668903838 4.608312358935858 2.304781730859269 2.552817665291867 6.482791649395755 3.754435805491640 4.769910916821837 6.218697803594249 7.428908475833154 9.028309559059112 5.377286854968501 2.694176931547079 0.804161984833416 9.269314704212221 6.520132830163665 8.588273377057156 2.374086994768598 5.830559289417815
9.635583397678433 1.813656330336082 7.191088796870310 9.882206106174229 3.475512991266711 1.496928632380048 1.017273279213569 4.606146359701468 2.851055599642537 7.191610870024354 4.742764891110172 0.027859459150358 2.421534151297002 2.764146879250705 1.163822789062890 9.372225973018956 2.561231454708658 6.629769253659466 5.430471852938915 9.335615562105163 4.942806217987546 2.545121984435830 4.311249616413951 0.987255256669773 2.038648983372283 4.308979551944506 5.837378401897078 4.523417141382374 4.942532208913251 6.924768605480487 3.742916182943992 2.199541613374401 0.282165362558712 4.068223625832514 7.829488078341498 1.705895955790570 1.946273493985506 1.045050266675538 7.768201741268950 9.375652306964538 0.847760984409375 3.150601930550079 4.107172993121065 7.408983821751604 6.408096336508722 6.965691036400212 2.542708220945350 0.160756039531156 1.348226479793562 3.490242102098477
3.898689680427356 5.995858587570525 2.694554715443783 7.467369300609294 9.149875723132320 2.893726299382719 9.126154901687396 8.329757586629801 1.054194336134112 9.067661098609758 8.973252692022690 6.935847967290378 6.959109952289674 0.753359806191612 8.933590963486449 5.148702655525696 8.304561834851405 6.358171491427757 3.150518539793890 5.751252155731096 0.627818181646327 7.760093776271811 2.961013956542944 6.235595657692739 2.538689906047767 5.475603407981211 2.140690202180262 3.083554623979477 0.018124769753958 4.568679588253818 7.551957752737518 7.631435011402822 4.068966634904360 0.082811676437821 6.392532915348403 0.434369993201197 2.807844268488213 8.984896614350809 9.808719426134378 9.634236081098067 2.706695584521397 0.578911926059277 9.276242688794497 6.739762114593280 1.447840463774074 8.997730424955472 3.927914555106564 3.558453879245352 2.753561413388781 7.057137397068729
7.282438321111653 4.091915693195575 5.309428684602128 5.498209430103326 7.078347601208793 2.440356037072153 3.174751513912302 3.954761721868762 5.009185753967555 3.998765583401425 7.797070574543838 5.817954592833039 3.265971877219502 9.727754616518455 4.948459847952630 2.647801012771177 4.729719876633229 3.781324581745338 0.255534808250999 1.790030275657908 3.043700074590086 1.039926404539024 6.181184011178910 3.111119685896770 3.305619540396757 0.972074877521329 0.119298595047652 2.156997270427611 2.037653730398302 1.593973914471685 3.134765414638263 8.946124738244626 4.658936826956138 9.017914296641829 4.699802884456109 5.919969144228499 0.946734008864873 2.861506591103780 8.573555118275548 1.955846415866832 6.044665414364573 6.549301023382688 0.546373479357652 7.039580480352714 2.296916902526446 1.794041890988329 3.448987547507324 6.720316335669389 2.258673646858852 3.118303261516585
1.052022748254555 3.904898485855256 8.035116911487469 0.267057920517880 9.129303397255509 2.595131306246627 8.374335739873429 8.318092181752922 2.654084529685945 9.700516582561514 3.682856744190405 5.332173369654373 9.005342102017439 7.468476152374720 2.306915501127487 8.764296860775175 6.341547187308923 6.213681460832031 4.935664533393838 0.742520146980897 1.678534708684206 3.408126465453594 9.428139569128351 7.799931527485022 4.917078729084492 9.414167981547218 2.787073840335013 3.329504678308912 1.405945564841808 9.694806734394886 5.566968659210628 7.431627361873545 1.995894970330520 4.705440689986617 3.825543011260042 2.084125811135054 5.714817365787267 6.053757184511936 7.144052654598010 1.272377741487101 5.610513865418026 7.948661247968360 4.593549833136610 2.134695211302083 7.967915285146501 5.932078345941481 5.202015383478814 9.651774973722027 9.632913644093987 4.161286507500273
9.596380725475219 0.013224971381608 3.559418961946990 4.131202565021993 3.281123942499342 8.542928551083293 3.161627380087268 0.353549613254663 8.123252574039782 4.967645327828132 3.647717818634942 6.114337100785806 3.117031529442537 7.548709735899254 5.238081172219779 2.389569901081353 7.705304396131279 7.635466805679357 9.464888648218725 2.418579181473067 6.592166348039134 6.777736326126399 5.436610087950605 0.034031752287662 4.510789353332660 9.433082495225204 8.895826316178253 2.978578088224345 7.398831171598906 7.544708076295490 5.494551341479998 7.252833514922256 2.305951396541372 8.337339827606266 6.461785819568192 8.016499240039433 0.434673378963037 7.947208026250525 7.425898262065155 8.654047780394162 6.806410410213544 6.648103527173888 3.577557124585996 2.591126964510614 2.422502180432036 3.079918909537256 6.576369080547925 2.643515815046976 9.905761767726416 0.898776901668334
5.118277652778519 8.375572533325375 5.336610698697022 3.148629663046044 0.094467377079974 9.239103626221347 5.140053322454776 1.919078633389788 0.654567093408378 3.401264534875876 9.410958879228721 8.995567954954764 0.480237979635771 2.157600518773868 7.147401694229037 6.773148689421811 8.688290443561064 9.642787562368643 0.177157674345658 6.139238543475330 9.454408317484313 5.878677968710507 1.009909734939549 8.812426253781764 2.299006804677715 7.985748698405427 2.423507481445313 8.931538478763139 5.380196411979402 1.289548872105957 0.657868079946528 8.691939456632898 6.825069088995708 5.511248607565208 9.258563243524090 5.324951835067173 9.353517731649992 0.054865293701302 9.425962733275075 5.183582480690694 1.124984095800208 8.649965533659481 1.395454463156707 7.321659160453403 0.444849125957135 6.853388458001595 1.050865901998960 2.815769318479056 6.142579392560696 1.388392553886598
8.958437608749238 8.913424207159000 8.124899474980189 8.803492205006050 2.333892659888157 8.507870355751283 5.032919665849570 8.106144840528058 1.501290425791280 0.016910927072954 5.039603305239767 6.157154037948805 8.617784681842931 7.948710584699366 0.321998236918297 3.307405411299121 1.368607450040206 7.467631526952808 0.665331271799970 9.922481972688288 1.618209918323581 7.803421486998764 0.151910748422081 5.150977789647712 8.783601502553633 6.124914746483312 6.175910214295572 1.191606341415710 0.663748617019585 6.981750662320726 4.877967181449812 9.460793459019236 0.306674659605642 5.122124544621082 7.869846404485305 2.329948877648692 4.142228048370741 4.799312177653995 4.208258397888995 5.791256469768934 9.640988804928829 3.765268878882845 3.423896795249335 5.849079200414815 0.624484893316942 1.269755886530053 6.505187844583643 7.950029523962218 2.475539985267461 4.531056486127149
9.157525179817881 8.181462148450262 8.658842258405562 1.954366274487833 3.061015673912673 0.603130987942551 3.658124689345366 5.720799166188193 9.487534505486092 3.686364202363649 7.646157027430047 5.295010998795528 8.395748175898548 3.934786694540891 2.285346506664212 3.510736324929717 0.304258603105856 4.253837737542313 2.506674731393743 4.238357956581444 9.706914684717225 4.021017606631250 7.086931085313778 4.923270949821412 4.039263450613415 6.986738422184925 3.938378935400898 2.178301829226474 2.498478191525295 5.393905314610388 8.862219096068674 8.472987295764300 3.967216879332449 5.427108504908662 0.971981410214788 9.557843278642430 2.637156645337439 1.525851540873105 4.659442019681094 1.153103799591432 9.920395093536923 6.088639120368792 2.919410094938418 6.396165928675819 2.265228078214435 4.996647890781297 9.991486919145126 0.264205568275692 2.431904430532363 5.705408422220497
4.979356072076182 1.480572510090135 7.587179848581888 4.325234043057467 7.345433470053329 2.852350584293094 5.837782120848241 9.584675272874842 4.068557642967886 4.012633374548102 7.146602612650241 3.889462278708798 1.566300282240823 7.264084123740963 5.073155925115564 4.066331063041067 2.797389041112108 9.478961012234532 2.203560376700378 8.196194999698239 1.517450931508397 9.281198002163801 4.516048185903276 4.722337382163300 6.127134733380331 4.639194411429700 7.945030502207842 8.819381811777980 6.032250810786297 1.170128595574144 3.371152294798620 8.483207679203264 2.031655633493975 2.361968243639673 7.499767899363948 7.730687926014603 9.816850239839864 9.286490926296795 0.435550987414501 6.677285082780128 4.286887422841210 5.054141567784818 9.410538925183570 8.013848468666788 7.307865820826516 2.227492926753749 0.411726663248478 9.465841466819150 0.111876122248782 8.940044129057462
3.316322944801017 6.796630781527315 9.306925783689652 4.324089891498726 5.123696861949036 1.390308239607444 9.367693664294791 9.336767157991735 8.718731808889283 1.502316430231896 8.049894827384898 7.413347892838427 7.063669345459569 8.450903551276260 3.942537184996927 9.736642039538401 2.377342560788269 9.029054713514036 5.153717649056283 2.486532890085067 2.764460116631763 5.262145090045864 8.334051762205522 6.163359585895113 1.213030122116970 0.336513673555201 7.824736444089101 1.742485998868074 3.566826912783452 0.478682597796070 9.847787808781870 3.541718046260484 4.725426170989424 8.545376074552539 9.946256072368065 9.364031951107021 2.232110158457470 4.954183346004677 9.165868742634784 1.871584235429017 3.215891007744878 3.820746915164448 9.445237757227329 9.437645205305573 0.549595123229615 7.843213140139605 5.452155932667033 6.114683934345916 6.138864609769104 8.876041581041257
5.351526380143356 8.044523953568472 5.543667376299627 5.130799467303342 6.334692567692445 4.082415428120508 5.950945646645591 1.201717571205677 9.795934331694054 1.179692188204827 8.350579810569215 2.483481287343730 1.392578461644669 6.961462276615541 4.920284450705129 5.459122547981920 9.699316842902494 2.179968109579680 1.108883267197719 2.854605978650981 6.534416028408561 0.740676286326322 0.443060177665907 1.890125717934319 9.180839144414662 6.021953673222314 6.942554432671319 9.317528624235505 2.760766341775105 8.969273606869042 3.751530042042968 4.558467039426955 3.014652521684997 7.609760232482435 9.193097090693994 3.596484377279114 0.227370182032972 1.289972379278881 2.336137957127159 9.706483751678434 6.945796994353496 9.689951401667988 2.892515464163621 9.009647718702105 1.085346054001457 7.822621518612877 1.134944829723230 0.649382401279404 5.705706111690818 3.107730544904030
1.148234415387883 0.716546701124036 4.805052375727580 4.403581647941976 1.942955878718184 4.702764331305492 3.986853396857327 8.710686091080401 0.600671018962780 8.009761069131477 9.559065595657968 9.537569360363396 7.996612269116412 5.049408096060234 2.218124685159114 1.597008896558332 2.075595585661319 1.829505800893317 9.113693865544214 0.947400364783935 9.561151833816579 2.518520285758719 6.523910836138719 1.769910352676960 5.948736201923616 3.716210495414720 7.567797154373118 5.576135893323414 6.810103033942656 6.246412046056474 1.403107861741520 6.204151837469855 2.504727225242430 4.511580691692854 4.051182863716789 7.998977082937654 2.833978215125753 7.574191417144757 5.291382727200959 3.616573349435521 8.287065999968913 2.514809614553706 8.805400175492590 8.947356662147172 5.048831839926336 2.262757420943355 1.136075821891858 2.054758652052363 4.727252732727544 6.297391197845085
3.557271392639410 7.365750215086201 0.365373467506923 0.466433200689151 7.850133294596656 7.656736209878643 7.995405936351952 3.327504606472387 3.215522232795329 4.597613434432680 9.561312250464937 8.824580493248101 1.176034252704342 8.173211666406306 8.034381677643182 7.071892476472344 1.467783856594724 0.274157583226217 4.223773002050901 2.571209302007454 3.522814855376005 1.274301714353413 4.068261309681255 8.976556388816604 2.833835800020456 5.870052836805700 5.395606435308609 7.235953466739816 3.471916605535226 5.707953086731989 9.962624002821336 4.870004252636631 7.736649555306414 3.430138180870341 7.006386471422928 6.490172011717793 6.059620550856674 1.709712612094498 5.821723846068972 9.998554803655480 6.211604897604513 2.016145298383076 3.496914571084816 7.794090681654308 2.983056784479803 1.146585513845676 6.916544825423859 3.405080352970527 1.103702596608683 6.336187321835148
5.324992494970137 0.227875056397412 0.678021090113016 3.527117354605859 3.033092561615661 5.922312353160352 8.928947556651289 2.195885560186480 2.460711663804758 5.779652057325027 6.950323842019229 1.025142782552577 8.478102258457817 1.172099525051865 4.309794383377453 5.737597834574575 0.634212488112280 5.494041402779403 3.116553864848457 6.043638110137847 0.727478166431538 5.475384001064906 9.918711758204161 6.314880984117458 0.577682073640540 6.821296145886349 1.048220440152335 3.334030911922015 8.779357850835577 5.812699975876534 4.706178535717593 3.078790433773814 0.158643238128621 2.999228450892458 2.483959607061878 8.358463645880576 7.791057372495302 6.391005687277257 0.228209897784557 7.679748622104102 6.568510446616020 4.604736694975536 5.454422837865927 8.930818053060655 1.122296952237697 1.874098257486668 3.901221617916779 8.311944855983540 8.959668835089662 1.484446001116365
1.597800504826329 8.793027026117139 1.302100902443755 4.571784136927507 3.104223317141495 8.165308927432761 9.972693023534125 8.949722273622564 4.790494119355033 6.421429048065127 8.325610842772896 0.667410845480894 7.853806836226044 5.992290639207090 7.695576792232598 9.517143123037387 5.578960557730317 1.781550102849077 0.474489084309190 5.534049992794409 8.158974865557093 1.591140755415598 5.900177965452250 6.085229553725755 8.776028466023853 7.792830188605295 7.436876654159263 0.422058480669593 9.447559251150784 1.317566697861411 7.027485003946524 7.087221317086426 1.780751493019610 1.934632014231719 8.949779349036243 8.988854197304768 9.433155466436173 7.524125726549592 0.990766411063136 2.732330001338770 2.081260889428406 2.454131078015690 4.395618059008111 0.317617905829135 3.445114449787861 2.611525706734769 8.738872625503481 4.360351297106768 6.730200953484919 9.173000227692789
5.677810296127287 1.324095355103868 6.770270836903858 4.174837849235294 8.050925034278318 6.621503349748579 5.478154908887869 5.864181954707286 6.133562655497697 6.158832360065301 9.523624994112819 5.309313871886986 1.573728124517971 6.225834622011083 1.114375855535851 7.911536781383473 3.388474800913721 7.553586539931711 0.343167256508857 6.541000107625710 3.777900438915840 8.215028176328072 1.657619924854549 8.107594260287543 8.214715303763590 1.487796404383157 1.414164277758192 0.097959520524121 8.565614391044608 2.236697907909022 9.756083480347739 5.587593871541197 1.796585784366173 1.903388302476724 7.406875990119150 5.541408069259298 1.309695209840114 7.700985013347488 2.824013163418274 3.672910959749480 1.801012428611674 2.759081751295404 7.287070139096191 9.342061587540964 5.694001219647441 9.380082061312583 9.529105100832794 1.551304874402235 6.184696477950375 4.765088891133873
5.920476489694910 5.895916849804051 4.899926757854447 8.477169481643408 2.186739859755985 9.112464273380485 4.143939376408229 7.193695867147364 9.392927852596099 7.591999788737738 0.130685039265489 9.965049398677371 7.662123368037422 5.992154230274007 3.878788498118340 0.230744144006331 9.491091078260602 2.380415749828206 1.269619889301483 2.220128948620622 7.806710268542604 5.973784770708005 8.805320259030026 1.257719462226601 1.962772910550448 8.708112649762292 2.309019005304126 4.555731513593660 8.986145704670630 4.572386718248477 5.832280937880401 1.975020133245307 0.445160748440957 0.179998212273373 3.027206061284585 7.547372676652245 2.979036453143399 3.404645341279624 4.599518532209789 4.320959102816490 4.345853488059933 6.834412093850935 1.187660454267432 1.929682188101415 0.587121390455104 8.635186593460489 0.248513047489234 4.704620830098496 5.965160482106173 4.873035382161897
9.009301966485161 7.599086539108265 0.614116756276529 1.095365402833782 5.317773917772890 7.568466810072682 1.453087961138192 7.749664890605789 8.332830872333227 0.649595157216666 8.581964415328711 2.323061029027764 3.994157853840561 8.384601273859133 5.245666098343481 8.534182921604856 6.880359551803932 3.359778932059505 8.222124820328043 3.389324617941896 7.201226383879057 5.784550159630021 9.208945215906027 1.695665408968206 2.565463848496425 8.605385989985336 5.382150140290766 9.377293392714822 0.288149563171115 9.771444846480733 3.674848655592301 3.061916229482342 5.218475943617952 5.299140437656194 7.218069821917644 6.558454191320803 8.374459522797110 3.915840572122876 6.040533689436321 2.792932350266910 0.960241853612919 7.505577945731794 1.668108230472501 0.698672003800080 3.962550744620992 4.626513918924187 7.993671446878840 1.845245155023035 0.736319766523088 8.006236132923810
8.487177093646727 4.230433031228112 6.181573317943063 6.713317134164662 1.129791662541020 4.101814223308075 4.025348423476871 1.473788770667959 0.229570666232459 1.443938967728993 4.742023987808658 9.180358027831478 6.991619654573958 2.580905282999550 5.819982618590208 3.024991301201194 5.703363666093032 3.610461814914397 7.097885931397573 8.402693743870003 6.054243082706112 4.866496850325354 4.157238908475067 6.078789891443338 4.850248672112533 3.964341950271936 2.891890866547429 6.005008861073897 0.921989011903784 3.192485563438729 6.806047864722220 4.272650438874521 8.118641939795678 4.991074642458006 4.167323514882517 3.483626702284151 4.586631613070472 8.690297065893580 6.813133308488897 8.217995917807482 5.540984632644262 2.159008179200047 9.834433383036229 9.370892985479491 4.974746479857420 5.628219458186944 5.378105506956263 3.288540080205873 9.831786568516613 3.214195859901523
0.312747852242661 5.055961044052305 4.000642353280853 2.473901040668987 3.936784576679875 8.319806346558817 8.972530811750413 2.056062563689155 5.687741036131069 8.959815783116484 5.445075084395858 1.019959266562442 0.454457420910569 1.137050315152227 1.340210224772106 2.821417036379874 4.795441508903600 6.364111283556259 5.607275304168033 5.810422560470766 2.800332915729372 7.757512062099852 4.128511480024674 8.431431528574326 3.415246069852771 4.016505768075007 5.307082778936374 3.672032644016439 7.768831534331645 3.630973026723002 3.507845567982680 7.961043812701838 2.902204180157461 3.771962410280843 0.047855902397737 5.749847284382027 3.316954820898592 0.833155752409500 9.827327981076547 4.456965566712837 0.733406993948023 3.449372157155900 6.746239983813883 6.549312150502022 7.672375318037553 7.770341770443770 0.059951060473664 5.177808252993880 8.347702914405181 6.014433671600241
8.045056263854915 6.563185911316803 8.816302531039639 3.312319696704489 1.310367560327583 2.637574935737735 3.914662975572334 6.957679401110719 1.964936834514103 5.297937054319152 4.585330594949196 8.998017493775022 0.614653617529660 7.732858876506516 8.335723939260330 8.943851446493031 0.216555234585707 3.934341292975954 8.473631427736393 0.649434273366696 1.306511076194725 9.456559018658686 2.516417413826750 0.158412160390892 4.852292862031770 3.500469258664824 6.851305330310675 2.835703698760195 7.313032658211433 2.834929889732090 4.493873325705378 5.734791792272227 9.015538630183515 4.472163412018436 5.097687905170435 4.415991771504056 9.424518676522023 7.162212303520500 9.613143555123605 1.815413245285979 3.940897739037386 5.754645594524326 3.151339936878531 8.257026606500924 2.536859723170666 7.306995712022758 4.214561675940566 7.314515736506340 8.410196584937580 6.974937177822857
3.723777261881423 7.929939856755938 3.855812502840008 6.914330486719855 3.705609495348895 4.849092469173401 9.578542389218756 0.647141743659279 7.530016373248067 0.241213452739667 2.991042952085992 2.150590734886161 1.999018932865700 3.450405063830979 7.105025224252422 8.563989109851915 0.812972522898042 5.039889897839683 5.916459806501166 0.873407664103858 3.869754326249856 4.387408995845052 0.167082077431555 9.061535074155545 4.694577894178254 8.876820216013053 0.944823202348315 5.471864651211193 1.258791342790178 8.397151746997350 1.520051710438636 8.037195370900644 6.105051261016575 1.376665675436722 3.487643782533420 6.271870543806756 2.992912225943529 3.890916931168023 1.227145683510142 3.320248435985068 7.360533453664707 5.298564884053606 8.334870703290326 6.032765540166363 0.526317104735021 6.650927010142508 7.667501485172349 3.907695462477767 1.297425423943983 7.643383423531958
0.753876668709623 4.201800567018520 8.458300389555550 5.064377713024655 6.609627567963251 9.545705961106755 2.142858787530174 9.617486134965308 9.233091914298004 8.689850196675978 9.332518683543729 7.386367384784238 5.322844851097340 4.640398816028963 9.654940548035126 1.905635708687079 4.075507349036926 7.991953913123789 9.324737847075529 8.151612475233138 8.488984184203471 8.745603094883966 4.071404563373703 2.078714362028942 1.176468645516626 7.556658914104898 8.947360386906373 5.787358649376371 9.832507129301401 3.266859930178526 6.442429475903108 0.608455645680446 3.813009587474264 0.176669397585203 0.669883489385200 5.939749156012537 3.336229097008105 3.549263161497241 4.593917263337531 9.217922999750996 2.612314958972970 6.483782424084512 8.007063597689347 4.234061083755075 3.993580665774963 2.216933660625897 8.932068593703598 4.041144274184911 0.404792219711881 4.905068834704976
7.217276592881311 8.919722401622360 5.163163873456613 6.213604910328224 0.441858550439302 7.634708454495266 7.471496406752662 0.168731984431280 8.708173475270645 2.652342331932837 0.466825416018328 3.750214103500900 1.329015871469860 3.397599425645514 4.602101325481875 1.617877285043358 3.677164909115990 3.505858955298178 2.386744077421492 3.391518695315858 2.432687741811588 6.244487934393074 1.637083852355443 0.601738097519112 8.734819842881027 2.180667880127162 5.149611097196968 8.510618777181346 5.247798694576131 8.698532862235048 8.075263353400414 5.419315870289481 9.106450967980525 2.121401615310029 5.081354627443471 2.428737864864483 8.018034183186918 4.373490325067189 2.029944760520333 7.511567996496518 0.682282850607974 8.101068569373650 6.633796465458021 9.513348664380590 3.689755978171946 3.961667491621987 1.900673378737313 0.780355428291927 5.799380125581975 7.405952022838428
6.792995251236279 1.743219896731486 8.753952400537599 1.479951915419568 5.352287786647254 2.139794445358276 2.645519833597501 9.684238226539010 1.095047660821774 7.228461301275388 5.206727634974472 3.014347502290917 5.097594083212775 0.515501426358961 9.526153691769693 0.424969613022100 4.023724087120311 3.729203239723466 9.827377115049110 2.961696162599551 2.290366905075762 7.936636311915640 8.206792603580015 4.750116820334915 9.465371394336756 3.559698871163617 0.340482522153944 5.846557220031964 9.593576709273719 0.495464488217453 4.325305582289875 8.903082285461473 6.162689706432824 2.947565691530825 1.772169918616971 8.094920037687725 0.975434179903486 5.010689533628089 6.977903671332891 2.122646523059807 9.293774897386971 3.801516600478325 6.651082602884122 7.140276016946805 0.284967613948333 4.153371394128698 5.100433952901845 0.553737624805112 1.962564198968405 5.646337564955164
5.483890235337309 6.728269911725136 3.616334916454730 9.749897571985205 5.102155263537487 6.164985488377336 6.470670848205385 5.232258046595702 9.603181055504891 7.012275149193073 8.752409644505558 3.307047148495581 4.092496261451807 0.713101322015827 5.481190779950050 1.267945035283442 5.373817279589069 1.825925086443774 1.468819951095153 8.034012410412299 8.596739690017273 7.649039697865234 1.962953895182414 8.517168339274058 5.134492316828395 5.622756782950127 8.413493846816717 5.403510709485713 9.379790983703151 4.260572578662102 8.589883510788264 9.283150466637910 1.670569456537482 5.626382782676824 8.633148258953028 7.790106357487443 4.547434678766672 0.160697309848570 8.155723354626609 3.247074061269800 0.373833803356702 4.192184414320447 6.982627007229830 9.749254688275572 4.222806282167380 9.638719294732672 2.033146077324043 2.988720064155790 8.085856125983536 7.564116441473217
3.527323965992106 8.887751437246585 3.101123752151147 1.132275055427895 5.725054081101097 8.152246607911572 0.996290647351674 6.232377844439746 2.738632481341674 6.710447320248827 4.552577951492910 9.544811131843840 1.785539470855925 3.566521386325943 0.954652523983178 4.451244529221369 7.144497285835303 5.200070736794782 5.188330614789967 7.652116911438118 1.737352523466688 0.317971410177932 6.829662009489841 5.367196033284039 6.453737063072364 7.968398508630012 3.009899968060481 2.961958944468983 4.586867451283508 6.590317874363826 9.997532527867079 3.047447641948752 1.445635352146172 8.369055797533644 3.667829402292295 5.166709366919199 1.255645494983481 0.794002697948939 8.826169327551796 5.173461077595154 8.565348110644027 8.862863489985958 2.121458372571245 0.364350320391523 5.465884389640482 1.977919035384245 1.785585632574582 9.102262748914931 2.314497207814492 4.825020024595257
5.547963721856064 3.261094419457604 2.953226449364632 2.118849463877605 4.170779662209422 3.904149463343582 2.390108024881243 8.052385665117052 2.495389857026681 1.432905534466948 6.348558351107394 0.250537156398187 2.601081765838677 7.098278928096815 6.182138479112830 7.860849410431543 1.349765471491788 5.669722140372244 4.041490618883276 8.965652042530927 2.919569777280429 8.434636769243847 7.353097145316685 4.058891361655927 6.625028982151737 5.712260721481263 3.334168715279706 5.373514994931389 3.786510266713599 9.125278244409071 6.015439072637941 3.753006332650962 1.803028596897585 7.769428206157929 8.364138901810671 2.057838384854897 7.067547248698503 4.639570049985791 9.343729927589482 2.646929831487119 7.414001945890213 8.073405986580534 3.647450074943464 8.135281196764234 9.091166046336639 9.923241440788820 2.610714886665980 9.200150863626689 3.416803723434546 6.426816545088899
4.437351297879411 3.999033744606407 9.565969850965534 0.995602708071722 4.950775101617085 9.163154040380485 1.359066487078907 9.535701769778134 8.627451982049273 3.429219951369667 1.175021036254621 1.088921420845749 1.293263619771563 3.371440714429098 1.629354545231630 2.783595541962067 8.172774627507895 0.217805354715507 0.752106987203409 3.855817934796053 0.297808154391941 1.121897760444261 7.161917371444621 5.646694412789178 8.986940453556358 9.876903022270980 7.297485246335997 4.404708492332920 6.250225197534872 3.032035323408411 9.529588088779596 2.226401725682030 5.685657288468802 7.059645437170059 1.671158390122044 3.541153076807333 8.786875759682921 9.087916513762380 7.471683956787430 1.693621651531840 0.189194782798366 6.737746203734757 8.073971052126911 1.650343409904399 7.879096807502588 5.278183105395611 8.693013579921249 2.927281292258255 9.342975292170433 1.334828939534495
9.436835929680118 1.712663574348233 8.583269055293531 0.540643330828529 1.342597396993904 8.112293449185767 8.260624741394553 6.659108636487288 6.718470270694104 4.418624962965552 3.647012126269475 0.466286006345746 3.068321458273449 9.694264326307700 9.927571874899929 3.636058242516497 3.858967076091552 6.123627684400700 7.262049815586783 9.209464487631140 2.723638191075780 5.186958260524188 6.831935706184900 1.234332890944435 8.590896628930659 2.796356151970685 6.601206349600189 8.920518172711496 1.900633043704540 7.187854313281639 7.224463182211322 5.387335487315137 5.563964872610642 5.709585432708829 0.659450413606902 5.681067714051776 6.334643879269903 6.653385835352904 2.455012927862827 7.414693178845657 8.228706483597369 6.874537004447694 2.496683642363257 6.637648531594346 9.950239033901211 3.199831324340118 9.134997573352319 8.651548549037557 5.795740089427972 7.948349750632215
7.711198285531133 6.050823818364189 9.898580665381214 4.659197612074376 6.820423843029968 6.473087757274793 5.009989884900689 9.409446473524488 4.953715137391626 3.610167357922802 9.452697050464701 5.037758691332272 5.985926243638730 1.077122181294775 6.420537762419896 5.431840607410654 0.556434645328302 6.768557351132317 1.410712375686891 9.194108893173773 9.991205333056467 4.677912995771834 1.653917807069772 3.931010878831200 6.590031229443031 8.224883835657367 9.225565901398651 3.014127861992320 9.456311061235363 7.254225381913637 4.646128767294766 2.841180885350428 2.268765060210266 3.056420225153645 0.167685576684415 0.914749359148178 4.718005431607226 2.633851981648192 8.487923842745142 4.182605027003431 4.688754286422751 1.695024714304957 6.149857146549888 3.601884624299847 8.055674474824578 0.758728629009212 3.932262878775004 6.178930350999607 3.819961231578729 9.261056274590558
9.068219695307061 6.493473488268547 6.870071044651754 1.092639863928209 4.355765185853445 3.434673311133771 5.022762844580004 1.043946213201837 3.822750400913114 5.252358276128084 7.873359216407486 7.269542532410076 2.705674655030536 0.841290700001116 1.223539259896191 3.093904601068814 9.024582464492948 3.336015128114320 5.617896394695751 3.410045527296237 7.047851214197705 9.654702539244509 0.550434649576274 9.019711098899348 3.952685645979555 5.954869459532377 7.381365046822169 6.786598861666536 4.607317995619579 1.396064889529828 8.601474172896221 8.584441317846871 3.676560774670307 5.784429068001449 1.440303278868017 0.785454222797893 4.919519163955142 3.392083489180458 9.453635084268905 8.078614955912020 0.651408558309092 7.974916421536594 7.459603878178474 0.531628870198833 9.871061142071664 0.875352650610041 8.970528417950222 5.456594566513838 0.242652104319907 5.619675282682292
3.035063619585791 0.476929652702904 5.140224819380020 0.160069731913562 3.811490515441589 8.061114269316681 1.332695659598727 4.033717307505529 2.403521186895791 2.041001201367134 0.336548239153713 8.379205928823918 2.999172632801297 7.992765641696947 1.393370568842873 9.210173301041399 0.731020509043888 2.763544733419547 3.344162647073492 9.231449862490035 7.597723385416285 8.970932738358021 5.538250676123811 6.608187762645418 8.268974635419548 1.014233028870305 2.013703852083515 6.018935222915943 8.971636780758011 3.217272537621059 7.442478748350403 9.776133474855520 2.201913561293703 2.232862093987943 7.480003081908652 0.383338635177672 0.753776131544432 2.140633096794394 1.091591038803179 6.682119993779204 8.439585366734649 7.144260559501358 2.070400579266120 0.792186259819707 3.204847522938135 7.347926059911154 0.627883395739870 5.758275986449037 1.020356583305709 2.036944612777244
3.720674869662704 0.212289026479641 0.265629389996606 0.849182671276145 7.904722324453326 5.169932089107593 4.108021270031075 1.483000719917409 7.654259743573109 6.508781359679051 9.340493446951132 1.880148536160150 7.230475601790696 5.021387655496894 1.836907620589211 1.177480780802320 2.244736799795932 2.305033762471647 9.864653096886510 1.429951263106672 8.328898079117273 2.889113753641964 4.390261736473544 9.912429805248488 6.712823263193542 3.144555343685156 8.629378529106889 4.362425104043812 8.198165153276060 4.379816396544919 1.486777781374535 3.128005015391869 3.421469416165561 6.996009485696585 5.489002320856734 0.681226250053988 8.367343245698686 9.001980684926931 6.474464986924012 8.182810809033938 0.312456429072503 3.376578725496899 8.360306181022132 2.727446599676808 7.225342182744095 8.782444751925880 3.124413351012007 5.488105188775648 1.531874316582557 5.120985512038713
4.256487521383379 4.591615061711226 0.371410683476551 2.006102047631471 1.856513676515349 2.041458218950284 2.619430555412406 3.893958758831162 9.744178711897419 5.817200250511787 4.307991492002692 9.576795754918081 3.036372553980281 7.218366746294377 8.568171930518451 1.515070937282214 0.913131792050715 0.705301818495577 7.838139343348692 7.905289676970110 4.338837068401277 2.853605934901365 9.714392294730633 6.998860564764651 5.842703806477219 7.189436439310920 1.963732003828527 0.441795557577644 0.269964153600417 7.983026993878516 8.048855150144870 2.238166723200750 1.231041243743928 4.155946524427280 2.856717255778501 1.171238268232776 9.445642509016537 8.923267366882444 4.950325558048155 7.461667791922935 9.624131770668804 7.707493277278465 1.822415046360802 7.027704925179858 1.921504346578442 0.511359777488705 6.583945532145725 5.633556975729636 6.905784659197479 1.254656425701380
9.705040049655071 8.337466209892892 8.528850053246916 1.344529542766105 1.320957866708464 5.180821331068229 8.379927771336281 4.323087384530862 4.444852140589999 2.923410869080816 3.735318753440279 5.847541521382167 2.417837606735214 4.074697387151475 5.943959014661625 6.547158291882130 5.828157405362079 0.752511723999366 7.224558991805470 7.515979902901022 1.345381447011095 9.483534956994550 8.870001809393523 2.316697787624218 3.070909660705881 6.639760038104684 7.509960291095489 1.517356681013673 7.060397400407354 2.213521465909001 1.300472753586350 1.030662706275970 7.816899425036122 1.061252000324391 8.205860868455275 6.534775174016502 3.459364469504054 2.860205276409623 2.068017935466085 6.740865911137735 7.923275018015927 6.749056272118476 0.929413128304685 6.211722235616300 3.689245604494551 2.562127310386556 6.295670323068624 2.319159333918731 8.560809837834851 8.926349869909439
