50
1317.555751185589088 1307.007557298590427 1458.662062988869366 1446.675198590352466 1308.804473227390645 1233.286033321346395 1301.232355098401968 1376.501449752105600 1300.359005253709483 1281.380829484276319 1352.305629792355603 1321.133900004953375 1382.361299548905890 1073.979709306485802 1413.485235951158757 1333.850864780913980 1231.146428541434943 1087.964506477082978 1471.600930037714761 1455.749472886563353 1161.676678745829349 1325.462313510961621 1219.860134392223699 1209.948232337911122 1250.316454951611604 1464.462375285058215 1223.378222790995096 1363.010143030999870 1319.054022285492920 1141.663456245202042 1150.823925671748157 1333.021142733778106 1147.031553305826719 1490.660591528249597 1123.601058670581779 1563.253484274079028 1206.633112115951235 1175.221740579595917 1344.430166285761743 1282.450025665473277 1291.490459568944516 1480.344796419830345 1219.522193138595867 1426.321976329074232 1275.462133629912842 1212.109392869728708 1196.664366390215946 1405.970184764660644 1560.246893509979827 1412.272609268998167 
1189.430109621393740 1313.664871697613535 1377.189378289113165 1342.659378016311166 1202.168564269847820 1153.357888277189659 1321.971870011935380 1273.106646858959493 1206.319377883368361 1152.186138821086615 1300.701132278293699 1308.776371230298537 1258.508148399305355 1047.851977906851062 1359.070405077716941 1166.295111480314745 1206.163412259850020 1056.102170607604876 1347.453892631615190 1353.611508864080861 1169.944498543869486 1369.420247823521777 1160.447927774920572 1158.156262817225524 1144.139508100460034 1191.451278434476308 1220.246906930114164 1264.493810836622288 1273.859481034117607 1151.654460578817179 1101.091413903257944 1233.036170266141653 953.881163667069359 1425.568322682634516 1083.324248646699289 1445.359146381388655 1171.704611016780291 1032.193281426498515 1114.067117748129476 1181.636657539898806 1237.405057966299637 1296.625285655782363 1101.025888464516811 1381.843155364744689 1260.658664908843548 1161.347660868439107 1271.350619226141134 1194.700944831222159 1542.921594240066725 1315.931543257578369 
1329.010845690231235 1444.021189517978883 1469.359543926038214 1567.737373994826839 1356.041667234222587 1385.538168044038002 1455.508619880750530 1581.138174500515788 1380.205398241309922 1263.357175684526965 1403.710319657100172 1303.608494578197906 1408.421118573498006 1203.078940803756950 1350.566332189087234 1196.107880985593965 1188.512503918638458 1071.731143456392829 1546.547061090624766 1380.918969351283295 1152.059638884026526 1544.474656108884574 1264.411412108607010 1221.675994030646052 1308.818024982806492 1412.535192862370195 1338.406523449533779 1386.820546883598126 1567.522451393674373 1231.833471514217081 1243.163464253034135 1436.404214092028496 1267.122289899291445 1588.161467987763899 1285.227814495147186 1713.618263190584003 1345.726325257365488 1115.638675917246701 1385.039488891310384 1368.133099544841571 1392.120453953290280 1547.549334647723526 1277.834151604825820 1540.645807468612702 1449.482865276358780 1252.912860457842044 1380.344424206758504 1407.154487375214330 1683.520054323646264 1427.785203241890713 
1451.864380579760336 1507.339827133676863 1431.326654779628825 1585.879663855966101 1379.378065965960786 1240.900189741491431 1504.760733953790350 1563.504563422878618 1419.394320634839005 1206.682427638044146 1453.074663007402933 1420.478463104591356 1435.792726862654490 1154.948413515062839 1519.158234880875852 1422.325905921064077 1249.887794067999494 1237.777064209993114 1464.852909863350078 1535.316254127056027 1334.756730304383836 1512.522539205358498 1137.689246178767917 1309.134128601915563 1275.261644243005321 1395.035843776029196 1407.863339504878468 1439.244889509307541 1402.434847554112821 1308.767429575025972 1277.301227593850626 1414.817830695852990 1197.428022590714590 1485.333043830033830 1242.150022991952710 1787.207320282104092 1358.559274132662949 1281.713560932803830 1281.202245964431995 1337.267177511142563 1346.941539000224111 1472.490007854516080 1351.136636133024922 1594.771186433473986 1493.096561342933683 1269.427472459588898 1423.140271228201300 1367.387824231002696 1725.793136074730683 1514.629085885486575 
1463.443613578908298 1449.022030814840264 1492.563586262330546 1544.515083574154687 1463.425797776907757 1385.882309403280487 1459.910210529013284 1573.429344431964182 1333.568193338650190 1484.080753942179854 1409.827482440963195 1466.259545465186193 1423.242946139277365 1193.773285463297043 1480.466154293116460 1390.278028632527821 1399.974093954471982 1233.492732354311329 1596.966453024357861 1545.059739542196439 1206.308440991444513 1507.824758261743909 1357.812248078217408 1365.658375001236891 1290.571758025909048 1256.602272419926294 1331.472123621780383 1385.981421806060553 1539.751744106926481 1294.192498583636279 1219.831780406024109 1341.994690686611875 1124.677391739021914 1535.211384757495580 1204.511112404298501 1762.212926817713878 1314.961365740270821 1188.520455222560940 1361.599511264828834 1448.218670841152516 1494.133540889378992 1583.849047490574321 1318.003102753273424 1566.651270911704160 1507.244321859069032 1319.901624914531112 1273.239138879523352 1425.450943764045633 1745.294832635061539 1459.090261015940087 
1383.996028377018547 1493.651913458217678 1579.593403199981594 1527.055031770551750 1402.604081451917864 1327.294950484073752 1652.798864030649611 1550.647991756865849 1403.186553672736409 1469.605361699673949 1536.619182377512288 1408.684468268033243 1447.652196554525290 1246.580185969839476 1393.052731054022843 1517.998563598086776 1341.986735639966128 1143.936040810362783 1571.402211836134029 1562.772730102524292 1313.130938162613347 1525.627715275908940 1283.988750661751283 1334.948377833913582 1236.716480319878656 1364.561320839864493 1330.675770399679095 1421.803728725987867 1523.848378728980379 1305.536931157011850 1344.499272882608921 1471.573488393245270 1172.943881313800148 1590.751850095910413 1209.264095175464263 1673.686366877421278 1435.946685711720875 1238.151547113037168 1363.605986459908536 1334.860100334745084 1424.412165848515542 1607.915423159153079 1325.047543703287374 1522.005048124163068 1442.623964198832937 1301.563133115929077 1323.606048127607210 1421.750523480719039 1712.531378495960780 1558.885373723576095 
1212.848088671959204 1240.974098373470042 1352.564935068392970 1319.502207962357033 1126.141653744702580 1236.094012576291789 1425.805956543480079 1420.487005715490568 1236.918607856378685 1251.817330652712144 1128.503579760914590 1218.347681908982850 1263.421451213026558 1112.377878159815964 1214.961091223313133 1212.920062519135627 1137.915813410887040 978.457778894834064 1362.689437216070473 1347.151730337874596 1073.370699789086757 1274.058726809819518 1174.474256336919098 1172.734049580933743 1226.413604814179280 1275.372927435762449 1317.165741682503040 1274.949410556798512 1294.234757553050486 1189.024753325865959 1172.400029059465851 1332.347168098040811 1144.073361760004673 1272.303100448940086 1090.311541298933435 1602.096843517391562 1265.580812971798878 1090.036941777289258 1222.380634478822230 1161.088500147218156 1391.464039777019707 1210.059886074520364 1159.966105642649836 1311.613992319628096 1259.228878592319916 1093.654939914435545 1207.976306584881740 1219.737188312667740 1456.195831617474141 1346.694152465140178 
1337.828376640100714 1277.242594905633950 1368.834748425805174 1422.343088455035058 1138.357026406598152 1162.205790540569978 1223.110769789417418 1336.995177879341327 1273.087531661714365 1205.314285804859765 1113.622300916847280 1272.127983285287655 1220.528042423699617 1127.159672533953881 1235.947053686516028 1220.686458088237941 1171.581490026569554 1025.950072415601426 1352.851415481207823 1181.859958696066315 1043.593658129818323 1268.466336840667054 1140.272774434700523 1078.137853365776209 1170.369523569210287 1187.882163848947812 1238.885269409726789 1245.647875293763718 1305.605487105219026 1160.706702386353754 1093.181010441093576 1243.820502918399598 1064.394013239344076 1392.369234424929573 984.890888286937411 1495.238897628805034 1127.485545971185275 1016.158387463501072 1186.044811149659154 1199.818137125779685 1295.849891175512994 1382.565190488305689 1198.628257651282638 1386.787134186829007 1338.202131005150704 1141.418894857338046 1161.692523000278015 1319.515345629265539 1503.399660756079811 1293.699510240764766 
1122.772749880204401 1237.344515362085986 1300.762548682627312 1348.171983224547375 1001.756140161116832 1171.323422620985866 1262.639719475513175 1445.567335202773620 1201.957666814328604 1120.373163284069960 1111.393380107476787 1203.895739338682006 1282.974236012461233 951.166322888186869 1336.083832683743367 1243.031406565748739 1059.759606294871219 1048.454856817874543 1273.581824032976783 1329.102614510055673 1122.172819987236835 1237.086377413158061 1187.181631496126329 1087.756090496031220 1119.645786131761497 1213.609429497799511 1114.836121148515986 1276.687956348901025 1291.316682180016869 1065.942591725000966 1130.897821902402256 1303.504524491941766 1045.803018339194750 1253.575066652853593 1089.238713340942013 1577.893060881450310 1083.261105521448599 1077.594182915351894 1133.427783975580951 1130.722259179335424 1254.391832319845889 1351.185680419336677 1094.593984904989611 1365.325450573472153 1374.927110935479959 1047.894887705850806 1161.883854153643142 1229.899038228971676 1510.296720858554863 1324.442788327376775 
1294.561841544158824 1396.691562481325263 1416.401464403495083 1370.254041052964567 1286.167027632901409 1262.767526731634916 1397.571215428194591 1503.611880115853637 1321.783820173181994 1250.171194905556604 1446.759062353468607 1359.671309563545492 1354.723379956845292 1156.524419594078154 1432.176635758127759 1223.340239370569634 1070.859415412194039 917.211595520830542 1313.372044600970185 1401.803276383004459 1117.651487561999147 1367.777993653285648 1222.653477052083417 1149.945124067873621 1138.721872106285673 1260.254347256967094 1252.762872599769025 1373.759617951273412 1448.202486562465310 1187.436658576322998 1283.616523308765863 1353.902797783719279 1195.818558808830176 1346.094633845702447 1097.230651081858923 1654.417353560296078 1328.955163936407644 1173.272427194523289 1338.752704934359826 1327.155840462705783 1329.150826731387042 1368.297141187884336 1232.002892478184549 1421.219324368436901 1381.940971617194464 1130.914822823919167 1268.763319959251476 1407.113457575311941 1593.745507502175769 1450.165347991076260 
1163.336475876042869 1160.935216718574793 1277.053889373449692 1379.291525382348254 1083.042167868129582 1059.647632572697830 1218.452972313112014 1286.664410104881199 1225.619871760328806 1040.025891332330957 1186.437715225314378 1234.559788139295051 1229.168011437458290 989.098793911946700 1251.302925145568906 1257.904274104126216 999.511438766801803 1020.285201778235091 1277.872251148038686 1329.772715843488868 1117.551380701162543 1271.514524020012914 1114.345187942807115 1222.433995814664968 1214.869301068942832 1179.103758877404289 1271.374174022133730 1214.122379750237087 1274.684117400718833 1096.895953429126621 1089.051357808180910 1227.045472265327135 1076.749484079320609 1344.706699483501552 1140.801875901697485 1541.265825363416752 1184.774443101216775 1048.726918290930371 1054.808607783083517 1228.881265100180144 1337.156125917298823 1223.226777964105167 1041.365421888615629 1390.019820789239702 1139.337468080618009 1081.073157036544444 1290.268254201113223 1212.618763296979068 1510.658265979036287 1261.227233780493179 
1327.475280563800652 1358.970081288375468 1451.012030424126351 1410.131480008986728 1340.751784741957408 1198.152520183958131 1340.032037571528008 1396.943787727325798 1298.414164906842643 1354.654053286604494 1342.815445688192995 1343.885373232365055 1380.711684731182686 1176.209981035039618 1350.248798972742406 1350.079575388694138 1185.100191529386393 1024.797174255992559 1476.418105857452701 1475.191933609595708 1138.205813668727842 1362.553549729682345 1269.127636761558279 1180.728118960928668 1234.859990012583694 1335.046258206541097 1315.267468977959652 1279.696435241981817 1306.833929067958707 1225.275957893350324 1155.608448562409194 1301.577049716572901 1176.308815403512426 1389.521891267204865 1102.794173578183745 1616.071089688350412 1357.969736280893130 1125.530413554730103 1357.475535769942326 1352.009926063702551 1473.069820782548732 1456.407339720730988 1158.847558034723988 1433.941283992334320 1298.411849155304708 1097.129850602365423 1225.227454949743333 1391.152036819159775 1543.141323583862004 1384.236779702791637 
1245.773039703968379 1377.873204966130743 1473.921642231291571 1531.625077004591958 1263.254162155350514 1306.270640192168685 1504.146112304606731 1466.440090152041194 1340.705262503979384 1196.560635884966359 1317.903312980232158 1381.041817960732715 1485.872560461979674 1238.915729333299169 1434.196051784575957 1291.407663175130210 1152.116444752447023 1105.188309617486766 1441.272408770206994 1437.262005232868660 1221.150727514343089 1414.105139452725552 1361.638295436075168 1187.980823110969595 1336.924401277132120 1356.745153361480334 1331.241631173442101 1372.340224505262086 1393.196430044949238 1289.151830398168386 1360.784875438100471 1432.739184623477286 1240.140160198164040 1497.553560874172945 1143.754588656267742 1650.840882872571228 1280.272937195620671 1279.732339373437071 1379.498020275143745 1285.402183162646452 1385.475430745649419 1430.169728529886470 1209.233034149025116 1477.921438331643458 1320.225874119676291 1205.939901606587455 1354.906648985468109 1368.848517615669607 1546.406739358271579 1506.585179434313886 
1111.583691560729221 1343.388630965101129 1386.179321169322975 1351.887962954419436 1292.588984901100730 1243.638140851961680 1345.618189472848371 1390.281793070849290 1186.089621329709644 1222.197097422777915 1205.606351498764525 1289.770236127392309 1365.659992819459148 1027.575501715073187 1198.878203693300975 1141.973713444074974 1127.035035337775071 952.181870462141774 1336.330235118944529 1265.928086686993083 1209.122289409506948 1312.567391001768556 1138.161007419926591 1195.047748535798291 1111.287985289756307 1171.956707951628687 1249.954094802668351 1273.863888416816053 1370.928818454015300 1123.103020140813214 1194.602413295336873 1186.472409626651370 1035.632972264823820 1385.351833719767683 1126.451248611821029 1482.193001266923147 1304.389475286196102 1088.981966585017290 1154.092909669808250 1214.578750384760042 1253.880952717609716 1332.863072033297613 1093.366091755269508 1397.947736420838737 1274.564440111454360 1066.143845329081614 1264.948342086806861 1132.030097909147116 1424.541796245685873 1321.023606850937313 
1097.894201953694846 1113.200981143113722 1130.324035628460479 1114.291795108221322 1014.783008156573032 984.130084653121116 1112.902497684696300 1126.341153220779461 1085.758593117173632 1006.285008956528145 1110.044276557532839 1095.778852762742190 982.876258510657635 1089.578460789897690 1107.181859283726908 1020.173404276133056 1008.063713566608044 845.897682232335455 1212.494431620220212 1196.699671838198128 875.933389587657757 1193.705856075760948 935.162614911724631 1053.887251636750761 993.796792439486467 1097.984897213152635 1071.198763557670190 1150.737780314213751 1149.955363276680146 1000.883375502662830 977.435287217272275 1120.878702875781300 873.719621865142926 1225.813778722552115 822.035901960345313 1236.119330541708905 985.586265985168552 854.365445782203210 1007.910686859965722 1080.332917048837089 1021.701474985254094 1199.129815185193820 1005.840913715262673 1131.179212074889165 1118.293589286304950 1048.990869323730976 1060.111782807196278 1095.987789737224148 1316.099577700935697 1057.107583720373896 
1246.970527308222472 1244.798000481556755 1443.909032492704227 1467.567226435265866 1164.103533072398250 1093.740488149836438 1416.420130358976621 1458.417364491037006 1253.793045010914966 1236.010948447592682 1215.465838583388404 1241.787435376248595 1412.908444351701974 1099.663638551759732 1367.446465310050598 1338.405959158447331 1147.303720388875490 1080.232171574865333 1525.518130627119945 1526.041486939900551 1124.964035876202843 1367.667623256156958 1222.084297286727633 1118.167335435457289 1224.595279900500827 1185.003819570383257 1266.192902659563742 1228.186771778649700 1390.059241647176123 1186.396179300935046 1162.967518190863075 1290.980349525030306 1181.384688890540247 1371.382449964296029 1034.377630110521977 1541.629775224494324 1207.315194775748978 1211.296324571207606 1141.039384014667121 1162.961430116270776 1316.224323930587843 1475.200115444780295 1067.762635286105251 1451.932203343450283 1385.181601740504902 1156.715434897642126 1283.110246180291597 1240.388348869464380 1643.105165281967857 1497.698121847278799 
1008.470218904527542 996.521179033244266 1135.493480949003697 1162.820032152205386 1019.432515483067732 1002.272347583195710 1072.428828633020657 1125.688535840766463 954.995463603964822 968.311436799921012 944.807317577184222 944.712729290084440 1069.232245005763389 921.660862256840119 1079.017102464733398 1019.875690777019713 954.946856434199844 912.623551613787640 1155.016696357987939 1077.743569744398883 978.601002344340941 1063.588045512065037 947.828102879427888 998.417093648358787 995.238173968730848 1058.748220642416300 1062.350579778223391 1073.464817761841914 988.201343285465782 956.630286511497729 936.550166221098834 978.402144409147240 943.462479508189745 1132.637323219318432 882.023440749688348 1280.551346129301237 982.951467096240094 837.669269795707010 970.444931037156039 1055.456774375289569 1141.882746333752493 1116.230293877517170 892.005399866015182 1172.831675149081093 1031.820079243084592 970.335518688161073 1011.620983716894443 1032.398268156765425 1211.106306931834752 1088.625281165476508 
1284.354808048109135 1503.490668716999153 1476.388712907601757 1540.397453561384964 1296.421140532652544 1350.849784267323457 1456.944150348993844 1555.208681344442994 1333.069563962687198 1242.295557591281067 1378.419078187310106 1336.717998881754284 1505.750682783731463 1101.521507215546762 1422.654863245392562 1372.095907138414987 1305.523560317107012 1138.490349178865017 1539.537137156935842 1413.674697801445291 1327.275891992665720 1328.612986278255448 1156.329874704606937 1129.056386259144119 1282.430628636766187 1321.969791120630362 1320.507288211347941 1258.261727555845255 1387.572232888413282 1104.875872275803886 1271.705118348018686 1310.423751701828451 1270.438605300129666 1457.690657074248293 1234.236651474313703 1507.464160882608212 1303.096510267548183 1277.096306185226013 1276.046016731491363 1253.547486320321468 1316.897414723790689 1552.530247738796106 1152.315720137928793 1467.965935438866609 1419.048129555099877 1239.828326187616312 1342.849560221135789 1256.213505664141621 1545.913836344694801 1501.700464949548405 
1318.068633607259244 1292.815896286831730 1332.751592120759369 1468.139527387229236 1402.712529782232195 1285.954187163624056 1480.935666112464560 1544.230332048786067 1428.662650306349860 1232.620528920135939 1358.811893349137563 1330.490615399716035 1350.404226089810209 1174.805490662591865 1366.081608106576823 1266.099592155018172 1228.260977677835399 1112.831523877963264 1370.864893523444152 1460.670755994936144 1102.241807584995740 1405.179131773610834 1266.893116295102800 1250.387579988847392 1334.258994869431035 1274.564484637001442 1332.406975326420479 1351.052053502475474 1342.939102091949280 1275.597905312812827 1209.731746543148802 1261.387508718871686 1219.148747619087317 1433.027623016751249 1127.085764730142273 1730.554577136772878 1296.206415751918712 1049.236646947697182 1308.254901004909243 1346.330916431855030 1339.057858453717017 1382.227348431024666 1249.357551966921164 1377.596783679248119 1405.714600447102612 1216.844795246249078 1187.395109629324679 1325.586745528374649 1545.283203970780278 1345.994674949152113 
1178.063351353074268 1160.856292304304361 1355.261195011350082 1379.443860229531992 1387.543518030261566 1268.540137953650401 1323.584763682949188 1399.833512413554899 1208.063678283072477 1128.377660545122808 1225.734658335360564 1189.342986567543448 1330.667733520647744 1056.181152988141548 1371.992769884703421 1291.430124245309116 1159.488769055435796 978.193868518098043 1504.511543044607151 1362.718640289686164 1189.807610306653487 1406.962382523411634 1194.301384485625704 1254.644318847584145 1150.624055053397797 1232.243081901609003 1250.538711595488394 1172.104584128405122 1295.187696412624973 1222.098302611042755 1218.872207520422990 1293.443937979776820 1072.188903241231856 1357.593206571316387 1041.510819959840774 1479.998167612311363 1154.508025016596093 1076.462584312867648 1223.210512639318722 1189.988243399429621 1235.325938450461535 1348.849178313192397 1080.411429759008115 1382.508960151084921 1181.080288297673405 1088.767270475654414 1151.433511682641893 1282.630875243748733 1331.054370246395365 1404.245908178269019 
1236.477597146845255 1203.844962791820990 1436.783308777749880 1414.361493194003970 1202.026631214560439 1182.345846691170664 1363.731013422703654 1413.043943410737029 1361.735541654569033 1158.088042034922410 1196.770716296046885 1275.133476403356326 1268.924350971472904 1082.687783076939468 1292.506360710481204 1243.786517060403412 1111.531712491457711 1020.397486418313065 1383.222964534480070 1313.290476501418652 1144.155114853381747 1377.465681450528109 1169.186590834480739 1195.057090742789114 1256.600288544175328 1268.014335688459369 1333.635922104592964 1308.941800679560401 1334.698379036321057 1198.882637054800171 1089.908471027945552 1241.540039002940603 1237.919281905071102 1363.254724732679506 1065.462759690499752 1603.756805705680790 1316.509360294370481 986.488142669536387 1203.411606383151138 1262.802460093816535 1288.223812709858748 1285.156360193760520 1019.559005163823713 1425.442872187173634 1304.177694734919214 979.857460974170749 1247.612576999820249 1318.857717028607567 1443.522444375533496 1317.718704247072083 
1205.337716244377589 1270.130259085233774 1350.832074931202669 1384.385879435914148 1168.344820390700761 1111.175919420389164 1311.247239224107261 1278.716582199137065 1190.591133815127932 1259.840142401960975 1203.471878720594077 1199.002176823161790 1172.715290279068768 1060.025798128753877 1199.871531015696291 1241.716280981819182 1227.105498286115335 1019.483986063969041 1247.226792919752143 1274.483530092818000 1115.877844161193480 1280.277510040155676 1152.619749252264000 1192.224036476882475 1128.222293317385265 1375.778725592970432 1242.107965916561170 1328.678818171866851 1300.544824607876080 1155.953099472785652 1000.359363034480680 1294.571329212685896 1047.228175534162119 1438.159644235138103 1150.607652529426105 1534.267487057593598 1231.386541234595143 1042.285166260531241 1100.001806763055129 1191.590711262081413 1306.603633323796430 1374.522021352772981 1183.452773952328926 1239.880882757095378 1303.881210503747752 1183.818431827625773 1178.550877614634373 1284.860470668761081 1451.916743874104213 1321.691395460226204 
1338.658267902951820 1358.971101597656116 1509.837422837717213 1528.917308383215641 1334.633844369941698 1250.570992538570181 1411.771560222515518 1497.435581449871279 1399.858194139347006 1246.630025634738786 1379.364141430131440 1372.728976947312276 1468.420744765086511 1163.185253600581291 1396.304715606801210 1414.056343105341966 1242.549313185456867 1146.083594372538982 1518.901873058176307 1365.849339752622200 1256.062885946548477 1373.694478557409411 1275.690479206064310 1203.718690066409636 1172.996943429485782 1275.195170452792581 1249.757485243445217 1375.939737032992525 1462.418074202346588 1250.082917811385641 1250.588072964594630 1411.273399651407772 1206.756583954216921 1507.008594899373975 1196.281164020315373 1738.345143896293621 1277.927546645462144 1165.313598706480661 1359.974118595075197 1345.566444874089939 1306.994787431643999 1401.693625059115675 1114.324180683383474 1614.581733414617702 1346.715920767952866 1199.929305959651629 1364.548857525038329 1323.858764304103033 1686.760525509922445 1349.356572662287363 
1394.102950034994592 1404.278994108815823 1644.916101831989181 1569.741106189055927 1367.574849340462151 1301.691464586758912 1493.412420884480298 1544.869723999201824 1365.896875734456444 1347.572474416033401 1452.832757950802943 1248.442790555821830 1501.487967836272446 1190.958420933318621 1483.372546992950447 1514.068231821628615 1348.220313998484471 1101.203773845377100 1554.338487405919750 1609.851625572866851 1276.240504033538400 1448.701690000050121 1328.587143712927173 1296.775743011804934 1348.975915240996301 1533.298999503251025 1466.161895544623349 1482.253760640983728 1466.311832995991153 1363.677176556367385 1263.258832317668293 1502.173162176029336 1252.805054747457461 1480.925192642018601 1258.629787984772520 1711.571083020194692 1419.542725819855377 1219.638704924763715 1340.068095261218787 1391.737469039036341 1451.654697629408474 1549.471753163704761 1272.625855013045566 1506.317159092288421 1369.347575715089079 1155.782037618973845 1376.733511667983976 1418.889305243189710 1797.485992655929749 1647.074021084419201 
1176.446623965942763 1255.832224643826748 1332.458494016728991 1378.595849942013956 1257.355053364292644 1138.541946198407231 1145.783369014129903 1326.089313687555887 1221.482955524565341 1079.753747525978497 1270.930166997500919 1170.394843615128366 1179.828288277058846 1131.806156888671921 1311.933734770296269 1056.732528340960698 1120.888357051255525 919.679288732088935 1304.777676177741569 1330.510649485997419 1088.945761156137451 1325.637409545221544 1065.897469929050658 1119.219944392123807 1194.547026309354123 1248.274264252418561 1201.537654651332105 1262.645855804625626 1178.832072947542883 1248.499642153177774 967.073321268730524 1199.470076848714370 985.421234095137720 1399.814685979443084 1014.706840993399965 1491.872141316649504 1099.772759503789985 1005.795761900746697 1185.878025900582315 1234.401859970552323 1196.313324203039656 1437.735191856595520 1158.685137201478028 1337.446420005468553 1211.546477983970590 1151.894762739384078 1181.750388379211017 1363.306433438180420 1351.621717049593826 1311.525582516910163 
1257.079923601031851 1138.768670154119036 1274.074747546616436 1384.184875176140395 1136.804033213181810 1137.667999196238952 1316.974710842369859 1193.666243990738167 1210.553320876757425 1097.015012005442259 1083.176438703080294 1318.839614412440369 1182.777509944449776 936.609564034907180 1273.452984319271991 1224.575153381479140 1141.989748523360731 1104.442162292943522 1285.872271892383878 1312.611277776048610 1116.826317956830508 1269.534852417241382 1042.374810264385360 1121.704338791358396 1142.492541367979129 1234.011606248265480 1235.150356990147657 1166.119110037723658 1246.217903310610609 1147.019592377714389 991.303129346188825 1267.069265813245011 979.120284798599187 1315.122604458697197 1140.210048120997271 1465.038973335595301 1042.308360866266639 1092.427014902044448 1091.412019750590161 1193.713450146459991 1128.347822580490856 1213.516474849112228 1110.469240213935791 1352.019664322680910 1240.536720514062836 1168.201726225088805 1175.040209917304537 1127.305411833541484 1523.383281738941832 1269.399780646671843 
1192.273150292555556 1135.934613038207317 1423.728164764133908 1464.026219655756449 1228.330757228357243 1217.727093343160732 1267.795750213309020 1358.574836619562120 1132.404083516152923 1245.036374377297989 1203.038280675000806 1236.615359885821363 1294.733255241800407 1084.853709157415551 1267.317897377931104 1185.064912906611198 1256.282595878688653 1081.290888163475984 1389.281024821392293 1343.010536634395976 1169.665418334320975 1405.821184864168799 1267.058832371975768 1190.861094065027601 1169.087457552454907 1164.955708280508816 1211.366090903256008 1215.688550632469742 1257.349739574236310 1177.538669634407597 1094.703272978096493 1313.947417120327373 942.024541312526821 1394.098957727492916 1136.939645662554540 1522.501739374882391 1180.049322042910262 1159.284419971460693 1194.391597357632691 1186.357652725941989 1334.124397034119738 1319.467297534256431 1098.954673319173708 1369.719856889812490 1147.916154631800282 1182.630419761478379 1207.047551424317817 1137.198034187351595 1463.077632206345470 1419.310665691617942 
1014.420992945654461 1109.796926064269201 1304.881481921093382 1192.818248238358137 1100.994855224945013 1071.804057854424855 1196.289151377405688 1135.989066417837194 1150.196172610484837 1102.133467731370047 1162.617688306014088 1187.539366292983004 1215.385365610875397 943.829946574642349 1189.527987656617142 1110.239676814755057 1077.976481931671287 972.600933431374415 1191.121702212748460 1266.393524837275891 1054.422801106922861 1103.464156326321017 1157.369687426709788 1068.473366135899369 1083.451070897301634 1061.697528926801397 1068.444839099631508 1157.660826104503258 1170.686938873031750 966.010501914140264 1035.387442669997426 1064.242976434689353 976.465429904662074 1291.120621406185364 921.306746877418504 1328.974519745986527 1070.569035458454437 1047.966021524941880 1059.275830123735886 1057.575330558673386 1107.212010221310720 1156.268689402749715 979.546018511097259 1227.262889901678818 1030.702604037395986 1025.447885084879317 1106.438908817430047 1091.287267994067633 1314.106996243303684 1216.118533520522988 
1277.249197316046320 1298.086380979610112 1503.485247489969424 1426.537685050485152 1307.601354893584130 1173.877565190167161 1379.633576374094901 1389.466172005176077 1333.602656490251547 1211.936725487057174 1489.355435365089761 1302.681416973544856 1396.994957187050659 1107.233633163164086 1436.169507830833709 1357.835237704700148 1182.898242688195523 1056.272357277537139 1392.455626683604351 1446.848562789668449 1147.337735403777288 1437.802701579681298 1323.761274184722424 1244.133736170904967 1384.666172449478381 1326.135309390138445 1245.007915889444348 1250.914436940833866 1392.960156710182673 1148.805001364146392 1159.314454650272637 1355.972089311601621 1171.296553016613188 1498.181059142973027 1252.633336302478710 1603.584294429414285 1278.098850642367324 1197.227906826534081 1326.211951001609577 1204.195019334038989 1324.961631923738651 1439.262187043900212 1125.080718787419073 1437.022761048778875 1271.683401192640758 1140.774830568434027 1328.526324331706064 1396.140904279484175 1636.982353176174911 1573.813032701590600 
1197.132536136538874 1249.360779067940939 1444.707064088245716 1419.492328367418850 1218.710511824247988 1140.200857093920149 1339.060877164663680 1297.520884219884692 1290.615916082691683 1157.012839748844954 1292.214622249349759 1167.055576226186531 1338.222537682114535 1215.359580473299047 1316.698371000574070 1264.889750772896150 1153.398778083525485 968.051178594616317 1313.389638772473063 1369.198470551152241 1115.713475950342399 1360.691372409209180 1239.572564773071008 1209.963626579182346 1234.086220253905367 1294.148758751521655 1281.201087437026672 1290.910678602542248 1376.859443556280439 1215.902694923573790 1095.476725249611945 1217.689801691410366 1127.125800498840590 1413.805725060822169 1087.823567767690747 1437.047671687165575 1301.499718555957088 1009.388460688682812 1197.315043023345652 1165.505595036901695 1237.113281312535037 1349.976017529665796 1038.265496081485253 1428.915403296136901 1298.823888552956987 1124.400535603536355 1300.313693440672523 1392.832044343820371 1573.784276933635738 1469.638703578074001 
1151.756849055153452 1221.459977806501684 1220.702474458681309 1255.965002070877745 1176.238155531155144 1136.968543301525187 1302.674252791498475 1197.038486246359071 1215.052596594897750 1115.706602888200450 1221.504408010132238 1186.599734068201315 1197.185663489316084 988.484528100327111 1160.356293897412115 1250.778116420167635 1010.950300524635850 925.844463082890229 1211.509865138625401 1338.852231669581670 1096.538907769869184 1245.747282475725342 1046.347464838975384 979.424620839396880 1171.809775869314308 1248.796991418746757 1129.354050200531219 1227.502023697780487 1228.571359234135571 1108.861948757249138 1068.383100148158519 1150.939249823726868 1077.546491002106222 1269.623425593335014 963.477792477405615 1479.708343639866825 1113.304835481207874 924.989350367334737 1219.592001203080144 1087.584763501733050 1246.768722863121184 1274.674160150543685 1160.878410683498487 1311.221925765156584 1282.056874054074569 1085.929836922133518 1034.537426160098448 1181.341422767154654 1277.840027092464425 1307.073918299184243 
1301.918359761910779 1394.305377432311616 1474.206725492814257 1437.666502637556960 1364.233078842049053 1276.397089064543479 1413.436044407180361 1465.489165571517560 1290.485546846239686 1275.798064387729937 1327.119180888357505 1292.446504225923263 1278.269596052584575 1173.020855580246234 1280.932300386175712 1275.265438559813674 1297.456737616994587 1013.401700317117616 1457.878181722450563 1362.753055148135672 1054.838483817221913 1454.206368839474862 1228.843598668496497 1162.076618964886393 1233.874480771578419 1230.267496652132650 1239.858242536762191 1281.665299528573996 1378.933699598629801 1180.451497366432704 1165.773460715021429 1406.445333963211851 1114.240753840344496 1464.171396683066178 1237.281975959851707 1598.596865468981150 1146.998197660101368 1174.491103377371246 1347.413691368719810 1249.757103667661113 1264.792487865369594 1451.363605233157614 1272.859463328712536 1325.859786662828583 1337.854320403374459 1235.353732245386709 1232.172358154843550 1274.133526493688805 1489.419419650257623 1441.861436438436385 
1237.758081164730811 1229.018954146312808 1391.377217513420646 1360.713466100857886 1345.894822547276362 1182.969701193598667 1410.266750238773966 1374.773474717268755 1291.596364544836206 1276.501536622756475 1255.676303239871004 1310.952512002452067 1283.497832500990171 1068.357123447444110 1333.063620115575077 1247.787264045886786 1154.475507326791330 989.012940959669891 1361.651026805890069 1523.023483369662699 1169.461059949052469 1339.007175611096500 1191.653265015645047 1308.301203494074343 1124.479785588554023 1155.694495220916906 1300.638489455238414 1247.892537815727565 1388.734081244314439 1201.422689790739014 1179.955009521308739 1293.229026123588710 1090.688683607946359 1333.300061897932437 1083.020219971856477 1584.025948734823032 1323.497146041108408 1169.624434709815887 1102.315303909728527 1314.616164301476829 1257.390579730127001 1299.475723909566113 1133.411653243403180 1388.549912410722527 1279.556498432775015 1124.276448417191887 1183.274920252762058 1281.803150453580429 1527.050318475852919 1390.207476266171170 
1095.004611943334794 1073.573625464711540 1162.993944052913776 1302.664845041032322 1077.971828943047285 1114.356607759733379 1303.814553941323084 1300.073978351613050 1080.471921821694878 1075.882290877187643 1188.770668377254879 1109.960922598079151 1194.506651481982772 972.329373015600254 1249.016007789853120 1158.496769591147768 1007.727804885766773 925.569472572638574 1291.400551155688163 1239.237730910204164 1064.400655612518221 1164.873715227051207 1010.222747076757969 1015.022700102282215 980.638302468947245 1140.215430236197562 1065.283984012821065 1095.263618841620882 1190.212950702730268 1026.816142540515784 1117.249583559768325 1168.968647415309306 1020.587765532463663 1151.002630204614888 1006.577677771347339 1265.239014115571763 1034.875567437698010 1029.729182213494141 1161.739166035203198 1141.244356074888856 1168.965867982367854 1232.810823482756859 990.324580211377565 1190.925182792635042 1100.434356964302197 1098.224350078704219 1125.953196068712941 1118.337246855938247 1339.493212288794439 1190.980831284391797 
1323.399627158793919 1247.396568317472429 1396.062402966023456 1404.340857252112983 1292.970906241743478 1181.618690315169260 1384.127866729423431 1531.844071621369721 1314.224778970767829 1272.917721815377945 1228.440625389552679 1315.097514849446270 1392.387535834945993 1025.966137717478432 1419.809373056659979 1340.369100733099685 1193.939523653562674 1035.414041243021302 1467.977839829586628 1494.526528105266607 1121.696756211830916 1352.302284897761865 1264.625576287049398 1261.943041693401256 1247.839579780506938 1286.735627834180150 1219.130328105204626 1261.413924968493575 1404.810848291656612 1135.076493001198060 1303.903433461852273 1366.005466719525430 1178.850514612759525 1382.096630185502136 1174.644173626523298 1664.884922828109666 1241.467937014195059 1174.484188068901176 1196.889599743098188 1276.316350087092815 1293.379435081561724 1295.878190001238863 1158.845496986003809 1417.693564690248877 1422.778596902681556 1100.664995854310291 1238.363192471784714 1229.882065152750783 1547.532805971777179 1339.690485049303561 
1035.088825416186637 1203.546737229219389 1273.750189169053556 1252.920032712849661 1059.713152051457200 1020.605737483520443 1227.933149757492174 1339.289726902996108 1137.613448333838733 1042.691682273742572 1081.715517103138609 1128.904805780498009 1181.340076151047924 955.142738257696351 1220.226439594988733 1041.863173595885200 1027.097192891864779 865.971195218548360 1167.184482132529183 1253.077997107123338 1080.294422343972656 1134.735950206894358 1053.930827599205713 1047.512996812205756 1030.335689904625497 1065.705388131316113 1089.987764340492504 1103.208874193907604 1201.181254896016299 1034.023660077619979 986.305262922830480 1182.615892679214539 971.915008921378444 1166.879200340177931 1052.931835244426338 1356.167063369118978 1103.462609143690315 967.528413096339136 1022.452221226440656 1065.200399158313758 1151.224332758287574 1356.164515042895346 946.467243652487809 1260.511883531641615 1242.439140252453853 993.942521664843866 1189.643884916053594 1071.545343202247523 1305.185186938463858 1328.224319294175075 
1459.463817253289790 1441.522176503614446 1420.618628691979893 1662.469171855587774 1280.592170645569240 1239.853921291621646 1424.940500577633657 1443.064792370744044 1348.404118976885684 1295.634947525237749 1326.755091341370871 1474.273561620054579 1409.744857958596413 1203.407960959942557 1327.844676250165094 1402.822805177961072 1282.156902744104400 1173.048207220338782 1444.944277155086183 1320.525383291166236 1260.884698074155949 1551.194449486171379 1357.169715586597931 1244.702790289605673 1238.940582520895077 1341.386310982400119 1330.639679304499396 1474.272699314246438 1506.312128952451530 1323.727008652979976 1287.625951977104705 1459.438375806217209 1110.268118998432556 1574.815771477920180 1199.966149039306401 1756.238123261793817 1292.900767019268869 1157.703668552517229 1384.901739788259420 1329.188621659215187 1426.788001653653509 1486.751821683162916 1290.661795013943674 1480.196749441851125 1421.428365169248536 1236.370571141496612 1333.290245240603326 1349.374109553296421 1673.840532624176831 1476.370683354943594 
1156.480437132329143 1150.903712414429265 1266.126757955408721 1249.467105633402298 1169.034446123609996 1116.944565348848073 1224.902904068085491 1261.285058151362591 1248.885846484329704 1081.427221839514687 1227.279117953579316 1145.941981968709570 1180.022451541863120 1032.340650375341056 1286.354470151399255 1149.111172153520329 1038.495043744012037 793.429531581444621 1210.340045848364525 1346.181389622098322 1058.284494047086127 1207.225277744963250 1069.230214948071989 1125.236969188452576 1050.325633875831727 1125.927953111003944 1053.855036876214626 1186.762004509953385 1213.414306079459720 1083.970998964416140 1042.768229055036045 1317.502986463713341 988.525982919870103 1241.190878256601763 1039.505255606419269 1477.355042255947865 1084.927689259413000 1038.203445216046475 1167.733883922564928 1234.490665028483591 1169.091942829888467 1224.399067300910701 1125.966538493749340 1284.561549085950446 1210.431742007260709 1057.886582642809117 1091.227794214460801 1250.948776884872132 1308.103845631815147 1240.344205843807686 
1075.878295337469353 1162.295967686151926 1254.917578341953686 1289.472653673309196 1190.700707342807164 982.639545410904020 1263.951830997952129 1204.106373472952328 1244.053970347999893 1145.383117423467638 1076.556951391877647 1199.575309278807026 1156.361322145748090 918.472576909724012 1211.766052030864557 1204.138009031377123 1083.088882229848423 1017.140314573367505 1213.470971011930260 1287.395821698704367 1011.747911369252051 1185.276026784513078 1085.258941159274855 1115.496171433850122 983.861093817116966 1239.253292608763559 1133.192541489574523 1207.586578938788534 1166.911967751279690 1041.061004779569430 1020.824576111219358 1182.430216309027173 1027.973593710408977 1353.240945289422825 1122.552524878604572 1466.438802945195221 1101.347883457397074 1106.676919466335221 1042.116951814794675 1137.718503853065386 1177.011360852823373 1290.361868749587302 1028.538519388246414 1277.241738360780801 1302.911231305348338 1163.363226813540678 1197.919107014540714 1139.499007699852200 1513.361476467715192 1100.676767646094504 
1399.835797961864500 1254.255223984127269 1515.036888570414703 1554.994712017377879 1306.622369664183907 1306.312954666849464 1541.954839560458595 1428.262750691700603 1391.785449542447850 1317.645058502688016 1435.113223782384011 1375.314632485397624 1381.771522546683400 1261.336497510458003 1446.670243530128346 1380.978458053208669 1202.751670210755265 1117.351241275183384 1556.198004189877338 1567.133974328633940 1215.028083382608429 1513.383432949763119 1247.892901975996892 1283.770052877907801 1338.843620566068012 1469.369046031805510 1394.540661723746553 1377.876099315349393 1522.650894262269958 1385.341737816659816 1317.003154834420002 1467.631355959963685 1217.655996348362805 1556.305702786479287 1185.407483189743061 1681.322489852969056 1265.222987625843416 1229.203083616970616 1371.428009066138884 1363.516315788428074 1479.513492921051466 1536.133686808254652 1313.515732858137198 1524.540287090220090 1393.204932677235547 1319.104799312115574 1375.028382729618670 1558.996790967476272 1725.437680251759957 1564.960285765521803 
1101.975881653552733 1149.824747072688751 1287.753099209319771 1276.202526919963930 1186.689985819113417 1256.278388556041364 1252.880206512424593 1267.300131845885971 1120.548489368097307 1192.912835354870140 1234.370764242193900 1243.295175877887687 1218.670754578533206 1035.148996437310871 1175.142922806145862 1197.533992020359165 1166.223279501528850 1002.328178148633810 1289.768669892650905 1210.893045565315788 1143.545194754201930 1260.853739286741529 1087.017409577415037 1061.842010796309751 1128.193020506810399 1237.058337089637462 1158.813832744605861 1239.182217953249847 1152.904509847962117 1156.878059171430323 1137.489188736097731 1170.427010248872193 1026.800060034435774 1218.720316587590560 1069.256961567512690 1427.542780223169302 1204.623332765375608 1025.496199715215880 1268.629654433549831 1134.357305584982441 1283.142408213471299 1262.795210212147140 1063.110778561808274 1281.145468620113661 1163.621052336244929 1103.837840796791170 1088.247855035452176 1124.987737394804753 1240.280512080932567 1244.413558386295108 
1249.127280796780269 1365.771495249610780 1515.677475644224387 1408.048311078787947 1307.584292957551497 1364.685528440647431 1392.457055225541581 1526.343979599581189 1254.883775842987234 1279.225488980183400 1287.422874502924287 1406.204651673659100 1375.579487861129792 1156.458264923392107 1356.718609885626847 1269.118763068230237 1201.818489864236881 1072.833084402499708 1511.850550641776181 1417.175798897688310 1128.687870106315131 1384.142026630951023 1227.688968903596106 1201.213937483505333 1235.162188669553188 1364.552367840751003 1262.271106687805514 1319.599486072151194 1472.905667965248313 1201.672942897156872 1259.351190952100751 1368.527129693191000 1229.975320089462684 1458.493704699181762 1126.765954078362029 1582.042233432940066 1301.615381808886468 1246.018271969624720 1367.428558170167207 1278.286561574354664 1264.717580806699061 1406.562895869195017 1155.941671257676717 1542.298569310253697 1403.350141089349108 1210.500043867159093 1292.710826366395850 1340.996906619287074 1566.087250104307941 1352.087472810309237 
1191.723508812076716 1297.706215675029398 1247.012848485106588 1290.066627484107585 1352.466353295062845 1208.389680847628370 1281.743532534272845 1297.947566455586639 1265.992839474648008 1196.659645668347366 1427.277080406362757 1157.181065343553882 1236.804184384159043 1022.001294404622399 1215.671808513369569 1178.502656369042825 1116.646225735254120 783.592826662036828 1248.303575326547161 1245.897628490440411 1054.572218470917278 1305.918469213846947 1078.735401616775562 1115.496581241273134 1099.603131509579043 1164.075012555479816 1175.338165875931054 1153.709092554146082 1306.085712808195694 1076.384990337773843 1166.922866554995153 1156.366524047082294 1091.069139165934303 1274.579175069097118 1133.671856942685963 1472.571779547842880 1277.965802567421179 1091.132774573958613 1168.559685396760415 1266.951599130561362 1185.404585806637215 1285.122669567031153 1103.514439204131804 1244.579079254127237 1250.627148424590359 1050.207822592706862 1167.939561077438839 1332.021666927581009 1422.497265248694248 1283.418770098714958 
1466.955679694032369 1523.278695350308908 1558.185748567635756 1627.497908569410129 1534.109858295734966 1367.835020532613271 1425.980270500937422 1644.546774765648706 1398.469069648771438 1452.128856401876874 1456.364194795299454 1533.853613473162341 1481.171572966144595 1263.987307442258498 1513.162952085931693 1410.472073964898300 1384.754478789241602 1165.068614892258211 1518.420762039665760 1455.203626243600411 1232.444372688405565 1416.400994059837558 1376.196839274822423 1325.229503620751984 1202.481404347470061 1347.930209103993548 1331.633012959246344 1431.201733785399711 1492.744292987548533 1247.559238163566988 1242.996926444557175 1464.813900556998078 1304.136946229299838 1599.016504937966602 1289.675017458398315 1791.229701126456348 1413.860692593284284 1302.711759029402174 1465.374510323509185 1561.746430647136094 1477.628486823088906 1506.280565966929089 1275.581380241054376 1562.436889611413562 1450.917333253749575 1363.468535017684871 1373.754228221522681 1402.294374818457982 1670.545615554973438 1373.588906521088120 
1362.970966425554025 1331.316397818047562 1364.163867003286441 1523.356935251175173 1190.709543029046927 1209.746149996129816 1393.908091153287160 1390.528409378481228 1245.788936139643738 1188.602585642315717 1329.243167124314596 1373.764315666496259 1329.158394573655642 1151.489059494570483 1292.036073950681157 1388.936725350780080 1218.422749650667583 1151.473667473423120 1395.591464095213723 1286.452822390444908 1208.431384141111721 1478.783059983849853 1195.256009834862880 1271.756294327891283 1166.254416905366952 1309.992520008862584 1264.815165611603788 1368.394319566457852 1427.073213999713744 1175.583842044883568 1212.631813180615609 1327.498583130655106 1163.348705705346447 1428.174883452679751 1157.001020592477289 1599.643951556909315 1276.637878750655318 1232.084517539597300 1243.478193381414940 1263.016555494946488 1279.748539721587349 1436.375923710733332 1170.224259352747367 1461.254319758813153 1418.332348695287237 1173.186610435447164 1327.871936471876552 1330.392044859099542 1488.681451290648511 1363.905279025491609 
1278.577078531758616 1208.099166260397851 1237.574554607314440 1457.808779082463616 1212.235965290093191 1200.007657551515194 1302.628858989531409 1449.619105015033938 1219.748986226077932 1291.517686716408889 1244.151562510419581 1242.240468246687215 1199.777170143251851 1089.669000279358443 1141.253093735550010 1340.586533987055645 1204.064551417037364 1012.066502092634664 1430.521174278175295 1245.453624653094039 1190.276420253403330 1332.584715772910613 1108.541472617388990 1216.018149594636043 1095.239033947293365 1053.503240477098643 1189.813419721569971 1172.304217183673700 1386.769672121157100 1139.980132355968180 1140.729697054857297 1254.744539478609340 999.432908469377935 1302.726833421458196 1133.831336013704913 1544.291162482573554 1186.315789864202543 1054.404153081395179 1174.760480773863719 1291.627435669382066 1351.410599933861704 1358.306174172935471 1099.215868077993036 1343.796235131766707 1234.805472430494319 1234.944854251588595 1135.122369010903867 1257.706497625000338 1455.483038403909404 1221.103003598454279 
899.349057802813491 1076.830648721942225 1202.801854409089401 1152.699787417445123 1107.717909864504236 1070.352293416103294 1124.221720750133954 1154.602643207995925 1022.118692881576976 955.504533115923209 1024.215661777395781 1096.402765428949351 1157.717702727449250 943.711387730644105 990.515772230865537 1053.430477564327930 922.987901676136403 877.337017485107708 1156.423473562821528 1084.738367000571770 1009.584525705102692 1144.532501383997669 975.493534447298316 1049.679547699473687 1003.090622717216320 1091.213472174115395 1044.921092556060557 1111.148088968924185 1188.377552745910407 1047.229457894996813 900.431936679740147 1019.836710988557684 945.498282815795164 1167.788599613250199 940.676189435308743 1289.373365874843785 1118.117212804712608 847.085861289921240 1152.674995216904335 1019.400847151578091 1025.753817735156190 1050.872742275859309 916.893853434019888 1241.953696179938788 1103.847902090999469 888.489672090989757 1033.649184949322262 1038.349877676005008 1178.919149619985319 991.261894087330006 
1239.291240902578693 1203.571859146029510 1254.200908311349394 1384.353280558506867 1187.800224087641482 1210.054030186952559 1348.257380853044651 1388.769356651666385 1096.783293486635557 1202.077641227437653 1202.726338673583541 1136.116903215033290 1209.925912783672857 985.628342917775285 1158.533050270598096 1071.993705362868241 1133.790301985978886 1047.103022979777961 1354.370268206899254 1216.201459148583126 1024.341577229385166 1259.611699989103045 1044.067441313843119 1100.420178171345697 1048.874319114013815 1031.356269466801677 1059.339445221882670 1119.532305150788034 1390.011419578119330 1089.503102163370613 1062.573619582602078 1196.786628197696018 918.398710780909028 1316.363015942928996 1083.205992511312388 1410.163703118324747 1072.946787315607025 1041.792635631456960 1175.016897335422300 1167.557740635221080 1091.487299855409447 1371.724737279258989 1148.428405509986760 1360.577925143553784 1214.832823220539467 1134.242779944430822 1070.247425400058546 1213.764521935534503 1512.524365717580395 1273.974948539064599 
1165.453448581090697 1185.050268637758563 1295.091000136581442 1337.846890420213867 1181.652549150158166 1189.594665243333566 1236.373865606401978 1281.487110774167604 1065.089435484958130 1305.881466243420846 1148.945363796819265 1287.171686233996297 1279.074972635327185 944.803129974082481 1178.649205009013713 1001.979779975487759 1204.842243465102911 983.901303085422569 1276.243343263232873 1349.696434090336197 1053.515269181971689 1185.458310710045225 1209.105914309966465 1140.590033109593605 1097.511123430740099 1157.580500031382826 1066.779001587136236 1219.612483100178224 1311.898588238012962 1074.157014162388123 1086.210501568198879 1234.624800446406198 1015.238647366296732 1340.486852672781879 1025.592207104630916 1549.277991492852379 1148.814779311190023 1068.422212613400006 1160.231701531808540 1072.341788339046161 1248.293751405752801 1251.834377883824345 1059.849888278302842 1308.028644435549040 1244.503137861682262 1053.328722254772174 1043.245624644930331 1146.876857361358816 1346.607564894931556 1255.185742394893623 
1163.991756599340079 1257.914738116074886 1292.771359758365179 1378.704832977231945 1260.399582035263393 1066.162852755282529 1277.737037942765937 1417.538312556342362 1283.427136154453365 1207.583363765248578 1391.935094876458606 1249.163474903959695 1251.188084601393030 1032.435580780263535 1322.210266471337945 1217.627683091483505 1148.926586967754929 980.907567749595046 1285.954507265538950 1465.421635823528959 1090.726176432680404 1404.356808013412547 1247.373016728694665 1171.552195219032910 1109.301040780361291 1243.141909765422042 1141.216783534252045 1312.376676677423575 1243.888504038567362 1082.237941862168782 1176.320669825963932 1252.101122626598908 1073.139757658557301 1400.474629236656028 1150.329917773592570 1582.354189509740308 1220.114976512078556 1066.959150739815641 1210.080033620053428 1267.633149728953185 1260.650347867898745 1320.697594762809103 1106.820224636546527 1241.909383600534511 1220.094890873240274 1087.740592236043767 1192.085039198203276 1275.441835338944657 1418.205379206651287 1257.303646400365096 
